Date,Id,MDV_63
20161202,ID00007JMS4,0.0
20161202,ID0000DNN04,0.0
20161202,ID0000DP217,0.0
20161202,ID0000DQVM9,5865.5996
20161202,ID0000DT838,0.0
20161202,ID0000DTTJ5,677.655
20161202,ID0000DWTV7,0.0
20161202,ID0000F22K6,1709.0609
20161202,ID0000F72N8,0.0
20161202,ID0000F72P6,0.0
20161202,ID0000F72Q5,2427.5408
20161202,ID0000FGM81,0.0
20161202,ID0000FLJP3,1454.7897
20161202,ID0000FR2H3,2397.5642
20161202,ID0000FTLF1,0.0
20161202,ID000B9WTK6,2903.2078
20161202,ID000B9X457,0.0
20161202,ID000B9ZG12,0.0
20161202,IDZQ0000RP5,2739107.8
20161202,IDZQ00028F6,56607.586
20161202,IDZQ0003GF7,7558716.5
20161202,IDZQ0003JW2,0.0
20161202,IDZQ00041J5,45533.27
20161202,IDZQ00047M8,8104160.0
20161202,IDZQ00048R1,39067356.0
20161202,IDZQ0005505,2024.0073
20161202,IDZQ0005R34,2642843.5
20161202,IDZQ0005SC2,53057724.0
20161202,IDZQ0006KZ3,0.0
20161202,IDZQ00072J0,201471.56
20161202,IDZQ00074Z8,0.0
20161202,IDZQ00078M3,19757.389
20161202,IDZQ0007ZC4,16400015.0
20161202,IDZQ00083Q9,2336.346
20161202,IDZQ0008744,0.0
20161202,IDZQ0008WW8,15771078.0
20161202,IDZQ0008Z60,287244.12
20161202,IDZQ00095S1,478.7361
20161202,IDZQ0009HH7,8564670.0
20161202,IDZQ0009P98,12418038.0
20161202,IDZQ000BBR6,91223064.0
20161202,IDZQ000BLR4,1162493.2
20161202,IDZQ000BQ48,2599.071
20161202,IDZQ000BRG3,34790.266
20161202,IDZQ000C552,686018.75
20161202,IDZQ000C6F9,0.0
20161202,IDZQ000CLN7,349944.88
20161202,IDZQ000DLD7,19721.088
20161202,IDZQ000DWM3,38803340.0
20161202,IDZQ000F3R0,2956583.0
20161202,IDZQ000F6Q4,681374.5
20161202,IDZQ000F8T7,212098290.0
20161202,IDZQ000FLJ9,24690474.0
20161202,IDZQ000FPC7,1637258.6
20161202,ID000ID228,2451.8315
20161202,ID000ID3Z0,13793.041
20161202,IDZQ000J314,188140.88
20161202,IDZQ000JHG7,148047.86
20161202,IDZQ000JZ04,16080.737
20161202,IDZQ000KL21,29087656.0
20161202,IDZQ000KVM7,255550.28
20161202,IDZQ000KY05,32975450.0
20161202,IDZQ000LDF4,7576.8955
20161202,IDZQ000LP58,18791.332
20161202,IDZQ000LT87,0.0
20161202,IDZQ000LYN9,155407.55
20161202,IDZQ000M1Y8,154995.48
20161202,IDZQ000M374,28037360.0
20161202,IDZQ000M533,14830068.0
20161202,IDZQ000M677,0.0
20161202,IDZQ000M8V6,0.0
20161202,IDZQ000MKV9,5071858.0
20161202,IDZQ000MQB8,633574.25
20161202,IDZQ000MQK8,933160.0
20161202,IDZQ000MVL6,5080152.0
20161202,IDZQ000MWP0,4466726.5
20161202,IDZQ000N7T0,9944.38
20161202,IDZQ000NCQ2,13977.16
20161202,IDZQ000NGP4,5561.64
20161202,IDZQ000NJJ5,13.864146
20161202,IDZQ000NJR6,1799.875
20161202,IDZQ000P451,0.0
20161202,IDZQ000P5H5,226823.17
20161202,IDZQ000P6Q3,0.0
20161202,IDZQ000P852,3358.7163
20161202,IDZQ000P996,67089.32
20161202,IDZQ000PDN1,1726.802
20161202,IDZQ000PTP4,27674748.0
20161202,IDZQ000Q012,58719300.0
20161202,IDZQ000Q8V2,10454.688
20161202,IDZQ000QFQ2,79707.16
20161202,IDZQ000QHK4,140665250.0
20161202,IDZQ000QXG4,0.0
20161202,IDZQ000R4K2,6650728.0
20161202,IDZQ000RJ38,0.0
20161202,IDZQ000RTM5,363741.8
20161202,IDZQ000S1F3,12346.149
20161202,IDZQ000S2R8,196920.31
20161202,IDZQ000S8J4,0.0
20161202,IDZQ000SB34,9290.761
20161202,IDZQ000SDR4,440886.03
20161202,IDZQ000SHJ4,2791.3115
20161202,IDZQ000SJC7,5437.6143
20161202,IDZQ000SV67,2.047395
20161202,IDZQ000SWK9,0.0
20161202,IDZQ000T938,23903.13
20161202,IDZQ000TL40,566743.0
20161202,IDZQ000TWT9,1472633.2
20161202,IDZQ000VF40,269.55777
20161202,IDZQ000VT77,180438290.0
20161202,IDZQ000W4C5,18290.338
20161202,IDZQ000W587,918111.9
20161202,IDZQ000W783,20900.557
20161202,IDZQ000WBV8,84324520.0
20161202,IDZQ000WDG1,200648510.0
20161202,IDZQ000WHZ1,0.0
20161202,IDZQ000WLT9,627.04376
20161202,IDZQ000WNJ6,4225.883
20161202,IDZQ000WS96,9802.101
20161202,IDZQ000WT94,306.86026
20161202,IDZQ000WXZ6,239382.58
20161202,IDZQ000WYN7,94862900.0
20161202,IDZQ000X0H7,229.88072
20161202,IDZQ000X336,10.557119
20161202,IDZQ000X6D8,5853367.0
20161202,IDZQ000X8Q0,122003896.0
20161202,IDZQ000XHG1,0.0
20161202,IDZQ000XJ04,213498290.0
20161202,IDZQ000XKM7,4372.0425
20161202,IDZQ000XP46,144593.83
20161202,IDZQ000XPH2,151177.02
20161202,IDZQ000XSY7,25078312.0
20161202,IDZQ000XTF6,66746.52
20161202,IDZQ000XWR6,46173276.0
20161202,IDZQ000Y040,60987.5
20161202,IDZQ000Y0W9,111382950.0
20161202,IDZQ000Y264,1405.9938
20161202,IDZQ000Y3P1,1330897.9
20161202,IDZQ000Y7B7,65633292.0
20161202,IDZQ000Y8Q9,61369304.0
20161202,IDZQ000YB91,17967370.0
20161202,IDZQ000YDZ8,78115440.0
20161202,IDZQ000YG45,387681.44
20161202,IDZQ000YN13,995.612
20161202,IDZQ000YR69,325889.75
20161202,IDZQ000YV51,12359.2
20161202,IDZQ000YW68,8952400.0
20161202,IDZQ000YX11,37402.82
20161202,IDZQ000Z3V3,26105656.0
20161202,IDZQ000Z3Z9,1286431.9
20161202,IDZQ000Z4G8,3420.6877
20161202,IDZQ000Z9D0,79938800.0
20161202,IDZQ000ZKM5,2985924.8
20161202,IDZQ000ZRD0,0.0
20161202,IDZQ000ZTH2,164438450.0
20161202,IDZQ000ZW85,382261.97
20161202,IDZQ000ZXW6,2140648.5
20161202,IDZQ000ZZS6,987450.8
20161202,ID000BC0919,35690.258
20161202,ID000BC0991,1226620.0
20161202,ID000BC0HC9,3974.4146
20161202,ID000BC0KZ7,45555260.0
20161202,ID000BC0Q57,4984.7554
20161202,ID000BC0QR3,68651030.0
20161202,ID000BC0VQ3,836458.06
20161202,ID000BC0VR2,66550.54
20161202,ID000BC0YG8,9808.569
20161202,ID000BC1099,23038614.0
20161202,ID000BC10X2,102343.375
20161202,ID000BC12C1,17719064.0
20161202,ID000BC14R1,79595.9
20161202,ID000BC1543,31441180.0
20161202,ID000BC15X1,56576430.0
20161202,ID000BC1801,7019852.0
20161202,ID000BC19P2,2.4797018
20161202,ID000BC1FY8,21436584.0
20161202,ID000BC1HT0,49640600.0
20161202,ID000BC1M46,8435981.0
20161202,ID000BC1RY2,19206714.0
20161202,ID000BC1TX9,108989940.0
20161202,ID000BC1X79,0.0
20161202,ID000BC20D3,3615.84
20161202,ID000BC22D9,8723.453
20161202,ID000BC2356,8063087.0
20161202,ID000BC26Y7,8012.537
20161202,ID000BC2NM3,495234.66
20161202,ID000BC2NN2,127763.45
20161202,ID000BC2QZ2,0.0
20161202,ID000BC2RH0,0.0
20161202,ID000BC2VQ1,16.29782
20161202,ID000BC3676,7981139.5
20161202,ID000BC3GG4,618738.1
20161202,ID000BC3HR0,0.0
20161202,ID000BC3NQ8,376146.9
20161202,ID000BC3R89,394297.88
20161202,ID000BC3SD1,976466.8
20161202,ID000BC3V44,9815253.0
20161202,ID000BC3WW1,165462.52
20161202,ID000BC43V5,831558.2
20161202,ID000BC49N1,124198720.0
20161202,ID000BC4N05,15878338.0
20161202,ID000BC4PR1,29352.064
20161202,ID000BC4R79,769.5516
20161202,ID000BC4T84,0.0
20161202,ID000BC4VC4,3742604.8
20161202,ID000BC4WR6,24058878.0
20161202,ID000BC4WY8,146369.23
20161202,ID000BC5157,24859.018
20161202,ID000BC5503,296109.78
20161202,ID000BC5BS0,315.945
20161202,ID000BC5J58,10753703.0
20161202,ID000BC5L53,15625798.0
20161202,ID000BC5N04,0.0
20161202,ID000BC5SG6,142965.55
20161202,ID000BC64K3,125663.555
20161202,ID000BC6B81,101240.68
20161202,ID000BC6CZ9,21017.236
20161202,ID000BC6FG3,197556.7
20161202,ID000BC6J11,3164312.8
20161202,ID000BC6K90,73850100.0
20161202,ID000BC6KL6,0.0
20161202,ID000BC6M32,4928.3623
20161202,ID000BC6MK3,273508.78
20161202,ID000BC6RR5,23377.63
20161202,ID000BC6T82,0.0
20161202,ID000BC6TT9,71489570.0
20161202,ID000BC6VR6,0.0
20161202,ID000BC6YD5,16104.049
20161202,ID000BC70T1,664305.5
20161202,ID000BC71W5,21955.854
20161202,ID000BC75Z3,4080795.5
20161202,ID000BC7KS8,16124.441
20161202,ID000BC7NN7,50.761726
20161202,ID000BC7NT1,37386.707
20161202,ID000BC7P43,13272420.0
20161202,ID000BC7PK5,112011736.0
20161202,ID000BC7QR6,8208954.5
20161202,ID000BC7RM9,5400585.0
20161202,ID000BC7XT9,0.0
20161202,ID000BC7ZT4,163693780.0
20161202,ID000BC80Q3,2210236.8
20161202,ID000BC81W4,910.68304
20161202,ID000BC82S7,82620.625
20161202,ID000BC8421,1905.7865
20161202,ID000BC8494,52365076.0
20161202,ID000BC8564,13045628.0
20161202,ID000BC85Z2,9942315.0
20161202,ID000BC8699,7359484.5
20161202,ID000BC8CB3,7343125.5
20161202,ID000BC8GG9,4290558.0
20161202,ID000BC8HB2,49048.203
20161202,ID000BC8JQ2,16040452.0
20161202,ID000BC8L41,55832.754
20161202,ID000BC8MY6,24447904.0
20161202,ID000BC8T71,359.776
20161202,ID000BC8W01,65747.766
20161202,ID000BC8W83,130183.65
20161202,ID000BC8YB5,836460.7
20161202,ID000BC9144,74828904.0
20161202,ID000BC9616,1951434.6
20161202,ID000BC97P8,28669062.0
20161202,ID000BC9821,91228140.0
20161202,ID000BC9JR0,124300.21
20161202,ID000BC9K88,384901.28
20161202,ID000BC9LX8,48798100.0
20161202,ID000BC9P50,48311556.0
20161202,ID000BC9V66,31056594.0
20161202,ID000BC9VG5,312.021
20161202,ID000BC9YD2,6617049.0
20161202,ID000BC9Z85,6420522.5
20161202,ID000BC9ZX7,44728156.0
20161202,ID000BCB2K1,38522650.0
20161202,ID000BCBKJ3,28812.191
20161202,ID000BCBRL5,131859.03
20161202,ID000BCBT22,8401025.0
20161202,ID000BCC2Y5,0.0
20161202,ID000BCC3X4,4033.2598
20161202,ID000BCC685,50.37455
20161202,ID000BCC9Z9,3710.5198
20161202,ID000BCCBQ4,0.0
20161202,ID000BCCFR4,46245700.0
20161202,ID000BCCK93,7279268.0
20161202,ID000BCCNC3,58188610.0
20161202,ID000BCCQS9,316972.62
20161202,ID000BCCRV3,190127280.0
20161202,ID000BCCY84,158134.56
20161202,ID000BCD1V9,21945.234
20161202,ID000BCD2M7,0.0
20161202,ID000BCD4L4,111722.8
20161202,ID000BCD7C7,33650810.0
20161202,ID000BCD7S0,277823.28
20161202,ID000BCD988,24033118.0
20161202,ID000BCDBW6,247149.88
20161202,ID000BCDMS7,6658.1997
20161202,ID000BCDPP3,160353440.0
20161202,ID000BCDYD7,2645630.5
20161202,ID000BCFNY6,47046.938
20161202,ID000BCFRC1,26942142.0
20161202,ID000BCFVJ5,3314675.0
20161202,ID000BCFY18,10865749.0
20161202,ID000BCG6V5,43575.242
20161202,ID000BCGHT4,268004.38
20161202,ID000BCGJN6,1390296.2
20161202,ID000BCGMT3,0.0
20161202,ID000BCGN39,3525.1204
20161202,ID000BCGSR2,7145101.5
20161202,ID000BCGVJ4,7540926.5
20161202,ID000BCGWQ4,33133792.0
20161202,ID000BCGY80,40898012.0
20161202,ID000BCH092,1337687.8
20161202,ID000BCH0H3,114944.945
20161202,ID000BCH216,62836610.0
20161202,ID000BCH3D1,0.0
20161202,ID000BCH458,9223462.0
20161202,ID000BCH9Y5,49516.9
20161202,ID000BCHFC5,10330.878
20161202,ID000BCHMN8,383.0274
20161202,ID000BCHRB0,30184056.0
20161202,ID000BCHRQ4,0.0
20161202,ID000BCHVK1,13639206.0
20161202,ID000BCJCF7,2573.8035
20161202,ID000BCJDC8,6556.5723
20161202,ID000BCKLP4,214225.66
20161202,ID000BCKQ46,38539.992
20161202,ID000BCKTW9,34893.35
20161202,ID000BCL3M6,5344940.5
20161202,ID000BCLBN7,19176.23
20161202,ID000BCLVP1,5667447.0
20161202,ID000BCMX94,475927.88
20161202,ID000BCMZB6,484928.56
20161202,ID000BCN0T3,15893042.0
20161202,ID000BCN5N8,0.0
20161202,ID000BCN772,2994.5752
20161202,ID000BCN7R0,0.0
20161202,ID000BCNNX8,7693486.5
20161202,ID000BCNV42,188700.5
20161202,ID000BCP0Y5,562690.3
20161202,ID000BCP262,140039.38
20161202,ID000BCP7M3,68040.03
20161202,ID000BCQ2W2,15332982.0
20161202,ID000BCQ3H7,5593029.0
20161202,ID000BCQDH5,8569.403
20161202,ID000BCQW47,168310.8
20161202,ID000BCQZ31,669260.44
20161202,ID000BCR0R1,19898.812
20161202,ID000BCR2B4,634636.75
20161202,ID000BCR5S9,1567657.9
20161202,ID000BCR670,17072030.0
20161202,ID000BCRHJ3,2516401.0
20161202,ID000BCRSB7,601290.44
20161202,ID000BCRX80,213744.64
20161202,ID000BCS296,162863.39
20161202,ID000BCS4S1,7820491.0
20161202,ID000BCSH39,33799452.0
20161202,ID000BCSR73,67304.84
20161202,ID000BCSS80,2745261.2
20161202,ID000BCSW45,5443.2314
20161202,ID000BCSWG2,14852.864
20161202,ID000BCSZJ2,745.3219
20161202,ID000BCT2V0,27157.783
20161202,ID000BCT4W5,8221.353
20161202,ID000BCT8G4,18335.842
20161202,ID000BCTB68,4114.639
20161202,ID000BCV1R4,2812.1172
20161202,ID000BCVC72,156698.06
20161202,ID000BCVK38,21352.684
20161202,ID000BCVNG8,6518.548
20161202,ID000BCVTM8,26445.158
20161202,ID000BCW4F0,2332.8162
20161202,ID000BCXH60,4291448.5
20161202,ID000BCYWV8,40406860.0
20161202,ID000BCZ2C4,3797656.8
20161202,ID000BCZ519,843614.56
20161202,ID000BCZQH6,883845.1
20161202,ID000BD0249,64319.5
20161202,ID000BD0F95,22903930.0
20161202,ID000BD0GW7,3739.3672
20161202,ID000BD0QS0,1957411.5
20161202,ID000BD0R71,189821.56
20161202,ID000BD10D2,442.0815
20161202,ID000BD10Y9,38979.707
20161202,ID000BD1F03,10464.987
20161202,ID000BD1PT0,466651.38
20161202,ID000BD1W97,59641.254
20161202,ID000BD2BB9,1658910.0
20161202,ID000BD35P6,91941.03
20161202,ID000BD3PB7,0.0
20161202,ID000BD3RV1,33457296.0
20161202,ID000BD3ZS7,60287.387
20161202,ID000BD41Z3,33752816.0
20161202,ID000BD4584,760316.1
20161202,ID000BD4FN5,49582.824
20161202,ID000BD4HS6,54836.8
20161202,ID000BD4L52,12695141.0
20161202,ID000BD4LB5,577583.2
20161202,ID000BD4MY8,0.0
20161202,ID000BD4S48,23213190.0
20161202,ID000BD53L3,2695890.5
20161202,ID000BD55T0,0.0
20161202,ID000BD5B99,23540010.0
20161202,ID000BD5DP7,1456.182
20161202,ID000BD5HP8,2592230.5
20161202,ID000BD5HT4,351560.47
20161202,ID000BD5KB6,94367.28
20161202,ID000BD5T18,55453104.0
20161202,ID000BD5V13,967485.8
20161202,ID000BD5XC7,24813.123
20161202,ID000BD5XD6,789255.8
20161202,ID000BD61J9,6559421.0
20161202,ID000BD6733,39379.316
20161202,ID000BD6C41,64.344
20161202,ID000BD6CZ7,31726846.0
20161202,ID000BD6RB0,84005.13
20161202,ID000BD6VT2,290.66022
20161202,ID000BD6Y89,4030363.5
20161202,ID000BD6ZN9,23816316.0
20161202,ID000BD71W3,66544.03
20161202,ID000BD75K7,0.0
20161202,ID000BD78R4,6401417.5
20161202,ID000BD79S1,0.0
20161202,ID000BD7BN1,3013022.5
20161202,ID000BD7CY7,20549.76
20161202,ID000BD7JF3,167598.7
20161202,ID000BD7K24,571621.0
20161202,ID000BD7KN1,0.0
20161202,ID000BD7MQ4,20928488.0
20161202,ID000BD7MR3,18965.707
20161202,ID000BD7QX7,2290438.8
20161202,ID000BD7RV7,310507.97
20161202,ID000BD7V39,84761.44
20161202,ID000BD7W64,27599.4
20161202,ID000BD7YK4,2908498.0
20161202,ID000BD8278,169204.3
20161202,ID000BD82M1,74579.56
20161202,ID000BD83L0,366333.06
20161202,ID000BD8B23,149861.22
20161202,ID000BD8BK3,19287340.0
20161202,ID000BD8DV7,929820.44
20161202,ID000BD8F88,242727.73
20161202,ID000BD8FM2,21372.838
20161202,ID000BD8PZ6,5852886.5
20161202,ID000BD8VM7,1383715.9
20161202,ID000BD8XM3,13251391.0
20161202,ID000BD92C1,0.0
20161202,ID000BD94M6,1805007.2
20161202,ID000BD99T8,160136.53
20161202,ID000BD9DM6,103578300.0
20161202,ID000BD9DR1,4445781.0
20161202,ID000BD9L75,1418283.5
20161202,ID000BD9NH0,0.0
20161202,ID000BD9X79,2888.886
20161202,ID000BDB0K3,5968.8833
20161202,ID000BDB238,475404.16
20161202,ID000BDB318,58779.816
20161202,ID000BDB5Z6,5650.866
20161202,ID000BDBD89,0.0
20161202,ID000BDBFY5,594808.8
20161202,ID000BDBHV4,414590.44
20161202,ID000BDBL90,5916814.0
20161202,ID000BDBLH1,1525463.2
20161202,ID000BDBQY1,23778.094
20161202,ID000BDBV07,5062.0674
20161202,ID000BDBWX9,834361.6
20161202,ID000BDBZC5,2441658.8
20161202,ID000BDC2N5,2424.0095
20161202,ID000BDC7P2,97735.68
20161202,ID000BDC9S5,62.55
20161202,ID000BDCBX4,16663769.0
20161202,ID000BDCC80,562288.6
20161202,ID000BDCD33,205061.45
20161202,ID000BDCGJ9,363358.44
20161202,ID000BDCH16,20431936.0
20161202,ID000BDCKP3,18141958.0
20161202,ID000BDCMJ6,58226076.0
20161202,ID000BDCQ52,6941.1797
20161202,ID000BDCS03,48206.004
20161202,ID000BDCWZ6,2203.3562
20161202,ID000BDCZY0,4503940.5
20161202,ID000BDD030,357335.5
20161202,ID000BDD192,6412.737
20161202,ID000BDD2Z1,8896.389
20161202,ID000BDD469,12079.586
20161202,ID000BDD8S6,73832.98
20161202,ID000BDDBX3,81895.55
20161202,ID000BDDCF1,1149320.5
20161202,ID000BDDK90,0.0
20161202,ID000BDDM78,219755.22
20161202,ID000BDDQ51,614354.6
20161202,ID000BDDZJ6,6707202.5
20161202,ID000BDFF99,942255.7
20161202,ID000BDFK70,6044652.0
20161202,ID000BDFM76,5154.355
20161202,ID000BDFNY4,1245.8776
20161202,ID000BDG288,3587189.2
20161202,ID000BDG9T0,4809.84
20161202,ID000BDGK79,142958.3
20161202,ID000BDGWC7,2103296.0
20161202,ID000BDH3H5,20714.627
20161202,ID000BDH7L1,1291.4634
20161202,ID000BDH9B8,1121643.5
20161202,ID000BDHCY6,33086.93
20161202,ID000BDHZX6,0.0
20161202,ID000BDJ3C8,32345.941
20161202,ID000BDJ4D5,19039.05
20161202,ID000BDJF04,455258.94
20161202,ID000BDJH46,83554.7
20161202,ID000BDJS42,176411.88
20161202,ID000BDJS97,18623.088
20161202,ID000BDK0S5,5953421.5
20161202,ID000BDK6Y5,22008626.0
20161202,ID000BDK8V4,144038.92
20161202,ID000BDKG46,9004392.0
20161202,ID000BDKL54,3294777.5
20161202,ID000BDKP82,1737151.0
20161202,ID000BDLD33,136814.33
20161202,ID000BDLKZ2,1238862.4
20161202,ID000BDLN40,11589066.0
20161202,ID000BDLQY0,553853.5
20161202,ID000BDLR78,29995.744
20161202,ID000BDLSV9,8806756.0
20161202,ID000BDMC61,12763.224
20161202,ID000BDMPN3,97067.0
20161202,ID000BDMWY6,298.66406
20161202,ID000BDMYG2,20141.6
20161202,ID000BDMYJ9,0.0
20161202,ID000BDN020,0.0
20161202,ID000BDN1X4,13639.44
20161202,ID000BDN5G4,858.6235
20161202,ID000BDN9L0,8241030.0
20161202,ID000BDNCX0,7121936.5
20161202,ID000BDNG89,1041.0458
20161202,ID000BDNGZ9,1825773.1
20161202,ID000BDNP61,669041.3
20161202,ID000BDNRP6,24266576.0
20161202,ID000BDNV13,68016.93
20161202,ID000BDP1G1,1773.5549
20161202,ID000BDP7F9,274226.72
20161202,ID000BDPKH8,3443405.5
20161202,ID000BDPLY7,2619.7065
20161202,ID000BDQ2Z7,30804.666
20161202,ID000BDQ3W8,0.0
20161202,ID000BDQ9B8,0.0
20161202,ID000BDQBV1,45016570.0
20161202,ID000BDQGD0,124880750.0
20161202,ID000BDQR00,34812.1
20161202,ID000BDR268,108905.98
20161202,ID000BDR2H6,1589119.0
20161202,ID000BDR5G0,11626.0
20161202,ID000BDR6X9,13174.12
20161202,ID000BDR7T2,2951494.0
20161202,ID000BDRB13,2049613.5
20161202,ID000BDRB77,731110.06
20161202,ID000BDRDQ2,33997.11
20161202,ID000BDRKQ6,0.0
20161202,ID000BDRR54,0.0
20161202,ID000BDRT69,0.0
20161202,ID000BDRT78,173554.39
20161202,ID000BDRW71,0.0
20161202,ID000BDRY59,0.0
20161202,ID000BDS0P0,0.0
20161202,ID000BDS3C8,0.0
20161202,ID000BDS7D8,0.0
20161202,ID000BDS9H0,0.0
20161202,ID000BDS9S8,53799.195
20161202,ID000BDSDZ1,3818626.2
20161202,ID000BDSFT3,37083.824
20161202,ID000BDSKH5,0.0
20161202,ID000BDSS88,22940.623
20161202,ID000BDSZX4,1432727.6
20161202,ID000BDT0B4,232003.33
20161202,ID000BDT1M0,12878361.0
20161202,ID000BDT426,9482572.0
20161202,ID000BDTBC9,0.0
20161202,ID000BDTBQ4,0.0
20161202,ID000BDTGP4,0.0
20161202,ID000BDTJT4,1483830.6
20161202,ID000BDTRH9,33899110.0
20161202,ID000BDTXW9,6829.8345
20161202,ID000BDV4J5,0.0
20161202,ID000BDV717,433865.6
20161202,ID000BDVB90,35783.555
20161202,ID000BDVFM6,37125420.0
20161202,ID000BDVFT9,39933.07
20161202,ID000BDVM05,0.0
20161202,ID000BDVNV9,761298.94
20161202,ID000BDVSF6,52.87425
20161202,ID000BDW137,0.0
20161202,ID000BDW7B5,1738.5061
20161202,ID000BDWBS8,224791.16
20161202,ID000BDWH96,0.0
20161202,ID000BDWPB5,42362124.0
20161202,ID000BDWPJ7,6308.935
20161202,ID000BDWX19,6624.7793
20161202,ID000BDWYF2,142245.16
20161202,ID000BDWZ69,363714.3
20161202,ID000BDX671,53648.105
20161202,ID000BDX6J8,69648.75
20161202,ID000BDX715,8071.8896
20161202,ID000BDX7T5,194631.28
20161202,ID000BDX9Q4,10784762.0
20161202,ID000BDXB89,88276460.0
20161202,ID000BDXCX9,438383.22
20161202,ID000BDXKH9,5792848.0
20161202,ID000BDXM21,12357.026
20161202,ID000BDXPP9,17903.111
20161202,ID000BDXXH1,325968.06
20161202,ID000BDXYS7,5547658.5
20161202,ID000BDY135,4809.492
20161202,ID000BDY2S6,96193890.0
20161202,ID000BDY439,54150.74
20161202,ID000BDY689,31027720.0
20161202,ID000BDY849,36004104.0
20161202,ID000BDY9R2,11180.483
20161202,ID000BDYDX6,2661.5842
20161202,ID000BDYG23,9056.099
20161202,ID000BDYHJ3,11848.152
20161202,ID000BDYJM5,16193.746
20161202,ID000BDYN37,45334520.0
20161202,ID000BDYQS3,199862.84
20161202,ID000BDYX35,8531.4795
20161202,ID000BDYXR9,19973848.0
20161202,ID000BDYZK1,0.0
20161202,ID000BDZ0K7,474006.03
20161202,ID000BDZ4M7,442962.78
20161202,ID000BDZ517,636901.0
20161202,ID000BDZ7G7,6929.697
20161202,ID000BDZ884,19414.49
20161202,ID000BDZ9Z2,132767.22
20161202,ID000BDZF60,0.0
20161202,ID000BDZHL9,8660299.0
20161202,ID000BDZHX6,7475.139
20161202,ID000BDZMZ3,419662.22
20161202,ID000BDZQF6,16430703.0
20161202,ID000BDZS53,11971.1875
20161202,ID000BDZTQ8,2263478.5
20161202,ID000BDZVR2,0.0
20161202,ID000BDZZ11,8683672.0
20161202,ID000BF00N7,5852756.5
20161202,ID000BF03M2,126481.97
20161202,ID000BF05W6,1108.05
20161202,ID000BF0K71,13902.7295
20161202,ID000BF0KC5,26598044.0
20161202,ID000BF0NZ4,946679.9
20161202,ID000BF0SZ3,11283224.0
20161202,ID000BF0VS4,550339.1
20161202,ID000BF0YV4,56863.24
20161202,ID000BF1083,48460.184
20161202,ID000BF13X9,0.0
20161202,ID000BF1421,2413758.2
20161202,ID000BF17P9,109348.34
20161202,ID000BF17Q8,340839.72
20161202,ID000BF19D8,1315.2625
20161202,ID000BF1L50,8838024.0
20161202,ID000BF1LB3,27441958.0
20161202,ID000BF1NP4,4330380.5
20161202,ID000BF1Q13,41892.938
20161202,ID000BF1SB8,26997548.0
20161202,ID000BF1TQ0,0.0
20161202,ID000BF1TX2,1413853.0
20161202,ID000BF1WH3,1020787.3
20161202,ID000BF1WJ1,428687.75
20161202,ID000BF20J0,3563750.5
20161202,ID000BF21F2,47975370.0
20161202,ID000BF29N6,2341337.0
20161202,ID000BF2DL9,7077120.5
20161202,ID000BF2HB1,9813.155
20161202,ID000BF2HJ3,2417.46
20161202,ID000BF2HS3,29016.809
20161202,ID000BF2M20,4071427.2
20161202,ID000BF2PM1,58988136.0
20161202,ID000BF2WT9,17344.861
20161202,ID000BF2Y79,655176.44
20161202,ID000BF33F7,16824044.0
20161202,ID000BF3CX7,15212.55
20161202,ID000BF3D47,37128.16
20161202,ID000BF3PG7,1765.1599
20161202,ID000BF3RF4,20404338.0
20161202,ID000BF3VL8,41289.523
20161202,ID000BF3W36,447056.62
20161202,ID000BF3YG8,0.0
20161202,ID000BF3ZV8,594.6128
20161202,ID000BF4286,171774.31
20161202,ID000BF4366,145306.58
20161202,ID000BF46K3,65792624.0
20161202,ID000BF49P2,77607.33
20161202,ID000BF4BS4,892802.5
20161202,ID000BF4HM7,32137772.0
20161202,ID000BF4MF4,3516.9487
20161202,ID000BF4WV4,199979.95
20161202,ID000BF4ZM7,12771.291
20161202,ID000BF53Z3,17766.691
20161202,ID000BF5GH4,21731638.0
20161202,ID000BF5JZ8,64010.387
20161202,ID000BF5PB0,569466.94
20161202,ID000BF6471,21156.912
20161202,ID000BF66X7,3022243.0
20161202,ID000BF69X1,80131170.0
20161202,ID000BF6D26,0.0
20161202,ID000BF6LN5,99688.96
20161202,ID000BF6MY1,23610.398
20161202,ID000BF6R70,1669086.9
20161202,ID000BF6RX1,1648788.9
20161202,ID000BF7BG4,3773.4836
20161202,ID000BF7DG0,2741.4385
20161202,ID000BF7DQ9,12747.42
20161202,ID000BF7HK6,48664.29
20161202,ID000BF7KW6,79875.17
20161202,ID000BF7LC6,1067.3746
20161202,ID000BF7PM6,1246.7571
20161202,ID000BF7W87,2320309.5
20161202,ID000BF7ZJ8,0.0
20161202,ID000BF7ZN3,779613.75
20161202,ID000BF8282,0.0
20161202,ID000BF82S0,556674.1
20161202,ID000BF8LY1,9278832.0
20161202,ID000BF8SM9,981092.06
20161202,ID000BF8ZL4,234.31407
20161202,ID000BF9R31,1398.2611
20161202,ID000BFBVD8,714.357
20161202,ID000BFC5N3,447906.12
20161202,ID000BFCKY8,259328.66
20161202,ID000BFCWP2,4015.6248
20161202,ID000BFD1F0,28571.807
20161202,ID000BFD534,13939.2
20161202,ID000BFD6C2,70185.555
20161202,ID000BFD9S9,22329832.0
20161202,ID000BFDJ61,39463.02
20161202,ID000BFDS61,109461.36
20161202,ID000BFFJQ7,56.4009
20161202,ID000BFFWS6,13219.333
20161202,ID000BFFXZ6,37679750.0
20161202,ID000BFGBS1,8393.807
20161202,ID000BFGMK5,749360.25
20161202,ID000BFGNH7,2030671.9
20161202,ID000BFGYS1,159067.33
20161202,ID000BFH656,21047.445
20161202,ID000BFHC62,3267652.5
20161202,ID000BFHSL0,397.67615
20161202,ID000BFHXX6,0.0
20161202,ID000BFJ0B0,0.0
20161202,ID000BFJD77,16935.918
20161202,ID000BFJMC1,110664.33
20161202,ID000BFJMK2,105488.1
20161202,ID000BFKBQ8,16488134.0
20161202,ID000BFKDJ2,78559.86
20161202,ID000BFKJ18,149125.06
20161202,ID000BFKJL6,214953.7
20161202,ID000BFKN64,0.0
20161202,ID000BFKPG8,15649.075
20161202,ID000BFKQP6,0.0
20161202,ID000BFKRZ3,0.0
20161202,ID000BFKWP3,0.0
20161202,ID000BFKZ03,0.0
20161202,ID000BFL0H1,0.0
20161202,ID000BFL1W2,0.0
20161202,ID000BFL9V6,17836518.0
20161202,ID000BFLD92,2003453.4
20161202,ID000BFLFJ6,349.888
20161202,ID000BFLTD2,121731.12
20161202,ID000BFM3Y5,0.0
20161202,ID000BFM8W6,149138.84
20161202,ID000BFN4J9,97998.66
20161202,ID000BFN695,1219941.8
20161202,ID000BFNV18,0.0
20161202,ID000BFP6Z4,792869.6
20161202,ID000BFP764,42128.902
20161202,ID000BFPBM7,0.0
20161202,ID000BFPL36,8154036.0
20161202,ID000BFPRY9,13638.515
20161202,ID000BFPY74,1942.9633
20161202,ID000BFQ0N9,162343.0
20161202,ID000BFQ4T5,125.151596
20161202,ID000BFQLZ0,176869.58
20161202,ID000BFQQQ9,14740.566
20161202,ID000BFQW31,1385.2563
20161202,ID000BFQXH4,11219793.0
20161202,ID000BFQY82,733047.4
20161202,ID000BFQYN5,3511.9575
20161202,ID000BFR0J3,11657.075
20161202,ID000BFR0X7,4359152.0
20161202,ID000BFR3L4,4440.42
20161202,ID000BFRHR7,0.0
20161202,ID000BFRHT5,0.0
20161202,ID000BFRZH8,5053.989
20161202,ID000BFS8X9,0.0
20161202,ID000BFSJW6,189.7504
20161202,ID000BFSX28,274.302
20161202,ID000BFSYH0,73074.945
20161202,ID000BFT5D6,0.0
20161202,ID000BFT5N5,0.0
20161202,ID000BFT7H8,4898.912
20161202,ID000BFT9L9,1627037.6
20161202,ID000BFTN92,0.0
20161202,ID000BFTRN7,0.0
20161202,ID000BFTTT7,0.0
20161202,ID000BFV2P7,40368.54
20161202,ID000BFVCR3,33330.19
20161202,ID000BFVG12,8556.846
20161202,ID000BFVRR0,6025.5547
20161202,ID000BFW7B0,13931627.0
20161202,ID000BFX159,0.0
20161202,ID000BFX7V7,0.0
20161202,ID000BFXQD5,0.0
20161202,ID000BFXYQ4,114112.71
20161202,ID000BFXZC6,11435.793
20161202,ID000BFY1Y6,0.0
20161202,ID000BFYPV6,130614280.0
20161202,ID000BFYVC4,8038.013
20161202,ID000BFZ068,36256.066
20161202,ID000BFZ273,0.0
20161202,ID000BFZXY5,0.0
20161202,ID000BG03Z6,0.0
20161202,ID000BG06Q9,4285.71
20161202,ID000BG07J5,206462.05
20161202,ID000BG0FD3,97589.21
20161202,ID000BG10T8,1377.3063
20161202,ID000BG1NT8,0.0
20161202,ID000BG2543,284934.06
20161202,ID000BG2VZ2,3367704.0
20161202,ID000BG37P5,0.0
20161202,ID000BG4DQ0,70530.39
20161202,ID000BG54R8,0.0
20161202,ID000BG57F4,6508.5044
20161202,ID000BG5BD7,29096.117
20161202,ID000BG5LG2,0.0
20161202,ID000BG5M34,1756.9309
20161202,ID000BG5MZ9,0.0
20161202,ID000BG5PH2,13482258.0
20161202,ID000BG5TK0,2420902.8
20161202,ID000BG5Z44,1624852.4
20161202,ID000BG6184,8491.126
20161202,ID000BG6JH5,51646.594
20161202,ID000BG6RC2,17150.824
20161202,ID000BG7DY8,181046450.0
20161202,ID000BG7F82,3668470.5
20161202,ID000BG7LC4,1236.84
20161202,ID000BG8743,0.0
20161202,ID000BG89S3,0.0
20161202,ID000BG8F09,1116206.6
20161202,ID000BG9653,2491069.0
20161202,ID000BG97J6,35168388.0
20161202,ID000BG9F71,192638.03
20161202,ID000BG9MW8,162396020.0
20161202,ID000BGBD91,330.89255
20161202,ID000BGC9N3,79079.88
20161202,ID000BGD0M2,0.0
20161202,ID000BGD890,11170777.0
20161202,ID000BGDD26,1577.3247
20161202,ID000BGDYZ4,2066010.0
20161202,ID000BGF665,876933.6
20161202,ID000BGFGW4,6257.1406
20161202,ID000BGG4S5,86476.29
20161202,ID000BGG8Z8,8240514.0
20161202,ID000BGG9J4,960944.44
20161202,ID000BGGD69,81276.195
20161202,ID000BGH164,18476.578
20161202,ID000BGH7G0,398285.5
20161202,ID000BGHJ38,14972725.0
20161202,ID000BGHN84,468188.53
20161202,ID000BGJ0C7,0.0
20161202,ID000BGJKM2,4455.0
20161202,ID000BGJZC0,2763450.8
20161202,ID000BGKDP3,10091.4
20161202,ID000BGKJ61,45352.59
20161202,ID000BGKM37,7954977.0
20161202,ID000BGKW17,2051249.0
20161202,ID000BGKW35,78849.6
20161202,ID000BGKZB9,28598.4
20161202,ID000BGL365,1342006.0
20161202,ID000BGM0C3,4091.451
20161202,ID000BGMBP5,0.0
20161202,ID000BGMRD3,0.0
20161202,ID000BGN3C6,54588984.0
20161202,ID000BGP058,7690.0024
20161202,ID000BGP5K0,5735564.5
20161202,ID000BGPZD2,1239.2512
20161202,ID000BGR3H7,87846.7
20161202,ID000BGRW38,45.08865
20161202,ID000BGRXM5,42172476.0
20161202,ID000BGSCN9,145050.72
20161202,ID000BGSFC4,46178.27
20161202,ID000BGSP78,1966.979
20161202,ID000BGTMN6,120884.336
20161202,ID000BGV5C2,529.536
20161202,ID000BGX3C5,210684.36
20161202,ID000BGX5P6,242.928
20161202,ID000BGX6S1,55376492.0
20161202,ID000BGX8G0,41588090.0
20161202,ID000BGXKW5,24146.254
20161202,ID000BGXTP4,19670414.0
20161202,ID000BGY1M7,16546972.0
20161202,ID000BGYJR3,11198.216
20161202,ID000BGYTM6,11565.728
20161202,ID000BGZ2S8,0.0
20161202,ID000BH0HG4,31191820.0
20161202,ID000BH1392,637442.2
20161202,ID000BH18T9,9162.049
20161202,ID000BH1FT3,0.0
20161202,ID000BH1GW7,9422135.0
20161202,ID000BH1QG3,0.0
20161202,ID000BH22J2,12381.414
20161202,ID000BH2X22,34788180.0
20161202,ID000BH3TC9,507651.0
20161202,ID000BH41G5,60548.453
20161202,ID000BH4SZ5,45.034996
20161202,ID000BH5600,9909835.0
20161202,ID000BH6NH4,2273.3645
20161202,ID000BH6SN6,8687938.0
20161202,ID000BH79M8,9905115.0
20161202,ID000BH7F71,30.335215
20161202,ID000BH7W83,4521877.0
20161202,ID000BH8H76,43805.504
20161202,ID000BH8K42,2122.575
20161202,ID000BH8LQ6,5006.267
20161202,ID000BH8PG8,2023.7971
20161202,ID000BH8YK4,2356.3225
20161202,ID000BH90L6,6830469.0
20161202,ID000BH91D3,0.0
20161202,ID000BH9JP1,2078.5237
20161202,ID000BH9KW0,0.0
20161202,ID000BH9S62,211593.39
20161202,ID000BH9TM2,128291.84
20161202,ID000BH9YB3,8809.024
20161202,ID000BH9ZX6,0.0
20161202,ID000BHB284,0.0
20161202,ID000BHB4R9,0.0
20161202,ID000BHBN24,1030465.4
20161202,ID000BHBP83,201671.39
20161202,ID000BHBQ09,17815562.0
20161202,ID000BHCDX1,272827.5
20161202,ID000BHCLR0,239616.48
20161202,ID000BHCRY9,0.0
20161202,ID000BHCXF7,0.0
20161202,ID000BHD1C9,544.9518
20161202,ID000BHD2V6,0.0
20161202,ID000BHD3Z0,342169.84
20161202,ID000BHDNJ4,12256.278
20161202,ID000BHDWY7,121831.31
20161202,ID000BHF299,27257.877
20161202,ID000BHF3Z8,69204.52
20161202,ID000BHFBJ8,0.0
20161202,ID000BHFLX0,1262279.9
20161202,ID000BHFMK2,13513.676
20161202,ID000BHFR03,93343.38
20161202,ID000BHFTF3,0.0
20161202,ID000BHFV04,37508.438
20161202,ID000BHFWK0,259340.28
20161202,ID000BHG1H1,46601.1
20161202,ID000BHG4W8,31489.156
20161202,ID000BHG8W9,9762.368
20161202,ID000BHGD76,8138.8174
20161202,ID000BHGGG9,540544.9
20161202,ID000BHGVG6,47219.42
20161202,ID000BHH9P4,7928.9526
20161202,ID000BHHD02,12204.236
20161202,ID000BHHJP2,17551750.0
20161202,ID000BHHQM9,8050.1045
20161202,ID000BHHWD6,174.27628
20161202,ID000BHJ115,0.0
20161202,ID000BHJB22,4220.788
20161202,ID000BHJJP0,15407.076
20161202,ID000BHJP67,257.93756
20161202,ID000BHK1Y7,17061.133
20161202,ID000BHK9M3,4415511.5
20161202,ID000BHLPS0,0.0
20161202,ID000BHLVR8,136395.25
20161202,ID000BHM5X7,0.0
20161202,ID000BHMV33,43004.45
20161202,ID000BHMXV8,80041.8
20161202,ID000BHN0P6,6913.1646
20161202,ID000BHNBW4,246.68599
20161202,ID000BHNM23,0.0
20161202,ID000BHP1D5,1409050.4
20161202,ID000BHPQF8,26466190.0
20161202,ID000BHPST9,47919890.0
20161202,ID000BHQGZ7,12061434.0
20161202,ID000BHQKJ6,40326.883
20161202,ID000BHQPY8,0.0
20161202,ID000BHR1V3,0.0
20161202,ID000BHR3B1,32529500.0
20161202,ID000BHRHG5,23117.734
20161202,ID000BHRND5,4541.7886
20161202,ID000BHRPN9,17081.6
20161202,ID000BHRQW7,1232616.8
20161202,ID000BHRV47,176.20934
20161202,ID000BHSLN7,200662.12
20161202,ID000BHSW44,1392.613
20161202,ID000BHV335,451855.0
20161202,ID000BHVM79,1319.7859
20161202,ID000BHVZK5,16836.531
20161202,ID000BHW209,0.0
20161202,ID000BHW496,43104.23
20161202,ID000BHWJT1,0.0
20161202,ID000BHWWK1,13358109.0
20161202,ID000BHWXX5,2354.2375
20161202,ID000BHX2C5,597544.1
20161202,ID000BHXCG9,2215965.5
20161202,ID000BHXGK5,162.56999
20161202,ID000BHXQJ5,391902.16
20161202,ID000BHXW20,63.91224
20161202,ID000BHXWD8,0.0
20161202,ID000BHY1P2,617.9702
20161202,ID000BHY2Z9,4376.9067
20161202,ID000BHYBX1,1205.3497
20161202,ID000BHYCS5,0.0
20161202,ID000BHYF44,0.35982198
20161202,ID000BHYSK8,51714.41
20161202,ID000BHYWB9,1123331.9
20161202,ID000BHZ1K6,0.0
20161202,ID000BHZ233,24.787401
20161202,ID000BHZ457,112.22595
20161202,ID000BHZ581,0.0
20161202,ID000BHZ8R4,0.0
20161202,ID000BHZL40,0.0
20161202,ID000BHZY42,70.6761
20161202,ID000BJ01S2,706.9021
20161202,ID000BJ0CP1,4404708.5
20161202,ID000BJ0MC3,0.0
20161202,ID000BJ0QX1,339.30597
20161202,ID000BJ0W95,0.0
20161202,ID000BJ0X75,30304.8
20161202,ID000BJ1V87,130013.99
20161202,ID000BJ4G87,50786.44
20161202,ID000BJ4WL7,71973.945
20161202,ID000BJ5F24,23823150.0
20161202,ID000BJ5VQ3,1328472.5
20161202,ID000BJ6RG2,6949.7515
20161202,ID000BJ6ZP4,0.0
20161202,ID000BJ7WR8,89.27819
20161202,ID000BJ8S87,685.3613
20161202,ID000BJ8YJ2,10243.09
20161202,ID000BJ94B5,82373.61
20161202,ID000BJ9LS9,0.0
20161202,ID000BJBHZ7,63693.59
20161202,ID000BJBJM7,54607600.0
20161202,ID000BJBS83,0.0
20161202,ID000BJDSW4,2560.2043
20161202,ID000BJFX33,131756.42
20161202,ID000BJFZF5,72830.77
20161202,ID000BJK5B9,1175.5801
20161202,ID000BJKHK3,1021919.2
20161202,ID000BJKQY8,0.0
20161202,ID000BJKWF6,6400.605
20161202,ID000BJKZ32,3060717.8
20161202,ID000BJL2Z9,586846.75
20161202,ID000BJL3Q7,0.0
20161202,ID000BJN4H3,0.0
20161202,ID000BJN526,15467.585
20161202,ID000BJNC94,20226982.0
20161202,ID000BJNP59,79534180.0
20161202,ID000BJNVF5,26373.863
20161202,ID000BJNW72,5009.2017
20161202,ID000BJPV45,95509.13
20161202,ID000BJQ845,5569.753
20161202,ID000BJSH61,461341.1
20161202,ID000BJW6Q8,10255662.0
20161202,ID000BJWBN0,3861.3599
20161202,ID000BJWG04,13301970.0
20161202,ID000BJWPJ4,5764.581
20161202,ID000BJYL38,0.0
20161202,ID000BJYQS0,2139.8896
20161202,ID000BJZBP5,105626.68
20161202,ID000BJZY48,465.6519
20161202,ID000BJZZ27,42205.914
20161202,ID000BK00V7,37103.36
20161202,ID000BK0207,109793.18
20161202,ID000BK0D58,991635.7
20161202,ID000BK0LN0,31195.936
20161202,ID000BK1FW2,46519.445
20161202,ID000BK1NQ2,15525.701
20161202,ID000BK2NY2,1736.7064
20161202,ID000BK4338,150013170.0
20161202,ID000BK5WS6,367679.8
20161202,ID000BK7FX5,153244.88
20161202,ID000BK7LX2,140377.8
20161202,ID000BK7VP9,146546.44
20161202,ID000BK8DZ7,0.0
20161202,ID000BK8V96,36090.875
20161202,ID000BK9KX2,0.0
20161202,ID000BKC8J1,199193.08
20161202,ID000BKCD73,7846.0693
20161202,ID000BKD1G8,2504437.0
20161202,ID000BKD7J2,65628936.0
20161202,ID000BKDHR1,1610.0605
20161202,ID000BKFLX3,3639004.2
20161202,ID000BKFP37,7672769.5
20161202,ID000BKFQM4,81719.31
20161202,ID000BKH1G4,43358930.0
20161202,ID000BKKHK0,0.0
20161202,ID000BKMDB7,2748480.2
20161202,ID000BKMFL1,0.0
20161202,ID000BKNKY5,40.597713
20161202,ID000BKP5R4,48548.92
20161202,ID000BKPC35,39885356.0
20161202,ID000BKQ3D3,10403.808
20161202,ID000BKQ4G8,408375.5
20161202,ID000BKR020,16423.469
20161202,ID000BKRMZ6,0.0
20161202,ID000BKSFD4,25327.27
20161202,ID000BKSX45,4976.451
20161202,ID000BKT233,4354.383
20161202,ID000BKT5S9,5520.775
20161202,ID000BKTKV2,15304316.0
20161202,ID000BKV6F8,0.0
20161202,ID000BKVR99,183299.69
20161202,ID000BKWWP9,414046.56
20161202,ID000BKX6K0,29317084.0
20161202,ID000BKYTM7,386028.5
20161202,ID000BKZ5H4,10064.229
20161202,ID000BKZV78,7975789.0
20161202,ID000BL0B69,707.5653
20161202,ID000BL0JG1,0.0
20161202,ID000BL1Y04,277107.78
20161202,ID000BL2800,98386.79
20161202,ID000BL2JL3,3179.6838
20161202,ID000BL2JZ8,0.0
20161202,ID000BL36K1,43855.664
20161202,ID000BL3ML5,93229.25
20161202,ID000BL3VV4,1116386.9
20161202,ID000BL3YN7,54863.48
20161202,ID000BL4DX1,6143383.5
20161202,ID000BL4Y74,8118905.0
20161202,ID000BL60R4,100504.45
20161202,ID000BL61N6,786812.8
20161202,ID000BL6J84,520285.5
20161202,ID000BL6KM5,63946.34
20161202,ID000BL7KN3,117565.914
20161202,ID000BL7M31,105330.88
20161202,ID000BL7S92,11471831.0
20161202,ID000BL8591,34957.496
20161202,ID000BL94K0,169717.66
20161202,ID000BL9DL9,441345.47
20161202,ID000BL9QB1,13026.433
20161202,ID000BLID6,5732.0854
20161202,ID000BLBMH1,40212.6
20161202,ID000BLBQW5,2607154.0
20161202,ID000BLBR80,60941.35
20161202,ID000BLBTN9,127716.8
20161202,ID000BLBX23,103258.16
20161202,ID000BLBZG3,5608.8
20161202,ID000BLC3R1,69881.27
20161202,ID000BLC667,131732.16
20161202,ID000BLC827,8762.462
20161202,ID000BLCGS1,11249.1
20161202,ID000BLCJ23,13066290.0
20161202,ID000BLCMT7,97711.61
20161202,ID000BLCSJ5,0.0
20161202,ID000BLD1M9,8535302.0
20161202,ID000BLD4P0,1220749.1
20161202,ID000BLDDC4,7212738.5
20161202,ID000BLDTM8,69887.49
20161202,ID000BLDW96,561457.75
20161202,ID000BLDZG1,335840.66
20161202,ID000BLF1W6,22285.34
20161202,ID000BLF7V4,0.0
20161202,ID000BLF9X8,0.0
20161202,ID000BLFDN0,83190.375
20161202,ID000BLFJ11,356325.25
20161202,ID000BLFJG5,1905277.2
20161202,ID000BLFV78,249406.08
20161202,ID000BLGLP9,90256210.0
20161202,ID000BLGS10,82377.81
20161202,ID000BLGVF8,58384.383
20161202,ID000BLH038,43.07888
20161202,ID000BLH5Y3,23930.615
20161202,ID000BLHLC2,0.0
20161202,ID000BLHNM7,0.0
20161202,ID000BLHQ59,17209146.0
20161202,ID000BLHSP3,398805.4
20161202,ID000BLHVY6,0.0
20161202,ID000BLJTY9,43683.008
20161202,ID000BLL2B0,587.8996
20161202,ID000BLL596,409.96518
20161202,ID000BLL8D5,15540912.0
20161202,ID000BLLHB7,6832179.5
20161202,ID000BLLZ54,0.0
20161202,ID000BLMBL8,54387.016
20161202,ID000BLMTR3,771710.4
20161202,ID000BLN4B4,0.0
20161202,ID000BLN825,252427.64
20161202,ID000BLNGP2,394294.8
20161202,ID000BLNHV3,0.0
20161202,ID000BLNNJ4,4658462.5
20161202,ID000BLNW95,23881.652
20161202,ID000BLP7Y0,220366.88
20161202,ID000BLPH32,1956.1635
20161202,ID000BLPMB2,955223.3
20161202,ID000BLQ3T4,0.0
20161202,ID000BLQ6R9,10541.129
20161202,ID000BLQMM9,144310.78
20161202,ID000BLQMV9,27394.682
20161202,ID000BLQR75,3098.3782
20161202,ID000BLR8K1,1389238.5
20161202,ID000BLRBL3,0.0
20161202,ID000BLRWP3,17317.998
20161202,ID000BLS2H7,0.0
20161202,ID000BLSXQ9,315753.6
20161202,ID000BLT3C9,2648.4
20161202,ID000BLT6L2,50824.016
20161202,ID000BLTCP5,33936.312
20161202,ID000BLTKZ6,449489.8
20161202,ID000BLV7B8,25904.188
20161202,ID000BLV8N3,17378018.0
20161202,ID000BLW1R3,43970.816
20161202,ID000BLW594,19279604.0
20161202,ID000BLXMC2,16385.004
20161202,ID000BLXQ15,46951.44
20161202,ID000BLYCW1,29168.809
20161202,ID000BLYFY2,8540269.0
20161202,ID000BLYM22,35128260.0
20161202,ID000BLZXN4,2536135.8
20161202,ID000BM0LG4,9474.434
20161202,ID000BM0RQ0,84283.57
20161202,ID000BM0T68,1112.6304
20161202,ID000BM1B48,5583.55
20161202,ID000BM1FW8,78766.12
20161202,ID000BM1H27,1096.6139
20161202,ID000BM2666,110418.69
20161202,ID000BM44X9,0.0
20161202,ID000BM4B81,9470.93
20161202,ID000BM5CZ8,0.0
20161202,ID000BM5G98,2139.02
20161202,ID000BM67Q8,0.0
20161202,ID000BM6HN9,5423066.0
20161202,ID000BM82C2,3205.774
20161202,ID000BM8PW9,11282.254
20161202,ID000BM9J25,79199080.0
20161202,ID000BM9P49,19316.533
20161202,ID000BM9V55,4453060.5
20161202,ID000BMB7L7,140737.48
20161202,ID000BMC2V6,2951.8315
20161202,ID000BMC6J1,156689.44
20161202,ID000BMC941,832504.2
20161202,ID000BMCHW2,250809.84
20161202,ID000BMCVS6,79885.945
20161202,ID000BMD655,74790.445
20161202,ID000BMDFR1,95110.49
20161202,ID000BMDJJ2,2684816.0
20161202,ID000BMDVG8,3651.8389
20161202,ID000BMFJK8,26048.807
20161202,ID000BMGF70,0.0
20161202,ID000BMH1C4,231716.47
20161202,ID000BMHW18,65376150.0
20161202,ID000BMJ2J3,58.780052
20161202,ID000BMJCK9,9797124.0
20161202,ID000BMJGN7,6895584.0
20161202,ID000BMJVK7,81956.305
20161202,ID000BMK176,897708.25
20161202,ID000BMK960,922077.0
20161202,ID000BMKCT8,21868.428
20161202,ID000BMKFV8,0.0
20161202,ID000BMKZX2,104533.305
20161202,ID000BMLDR7,208067.95
20161202,ID000BMLWY7,6945035.5
20161202,ID000BMM5P5,5722.4023
20161202,ID000BMM5R3,413123.56
20161202,ID000BMMXX5,290567.3
20161202,ID000BMNL06,29873.03
20161202,ID000BMNQ96,133407.67
20161202,ID000BMP0M6,21399.934
20161202,ID000BMP3D0,147060.2
20161202,ID000BMP3T3,36907452.0
20161202,ID000BMQG40,681196.25
20161202,ID000BMQJ17,272788.94
20161202,ID000BMQL49,66733.055
20161202,ID000BMQRH2,4637958.0
20161202,ID000BMSMW4,17368.926
20161202,ID000BMT5N0,2629913.5
20161202,ID000BMTNZ8,513.4347
20161202,ID000BMTRX1,15773432.0
20161202,ID000BMTW42,12655.981
20161202,ID000BMV1Z3,23150580.0
20161202,ID000BMVWD9,51528972.0
20161202,ID000BMVZ33,5135925.0
20161202,ID000BMW3R7,22852798.0
20161202,ID000BMW6V5,10134.011
20161202,ID000BMWCH8,0.0
20161202,ID000BMWHC2,6232292.0
20161202,ID000BMWK62,9348666.0
20161202,ID000BMWY99,21919.73
20161202,ID000BMX5Y3,7143.2876
20161202,ID000BMX6S8,4689666.5
20161202,ID000BMXCK3,34477.89
20161202,ID000BMXF26,2470193.0
20161202,ID000BMY1G1,247118.34
20161202,ID000BMYGS5,35908.18
20161202,ID000BMYQ49,1597.1095
20161202,ID000BMZ8K0,4478417.0
20161202,ID000BMZMX5,1276467.9
20161202,ID000BN07H2,0.0
20161202,ID000BN08S8,3754135.5
20161202,ID000BN0KY4,209451630.0
20161202,ID000BN0P46,21424798.0
20161202,ID000BN1745,1006880.06
20161202,ID000BN1RD1,5150251.5
20161202,ID000BN2F37,0.0
20161202,ID000BN2F82,4298.999
20161202,ID000BN2MD1,78353.92
20161202,ID000BN3FB7,778936.06
20161202,ID000BN4387,42550.098
20161202,ID000BN4PQ8,78725.91
20161202,ID000BN5WF4,0.0
20161202,ID000BN6DP4,18086460.0
20161202,ID000BN71Y9,9472849.0
20161202,ID000BN7CL9,708867.75
20161202,ID000BN7QX5,14839.539
20161202,ID000BN8Y58,1252918.0
20161202,ID000BN95B3,222451.6
20161202,ID000BNB2L6,690818.8
20161202,ID000BNBXB9,0.0
20161202,ID000BNC486,10519.74
20161202,ID000BNCGQ9,786.01605
20161202,ID000BNCNQ4,3351.0398
20161202,ID000BNG1W1,1358591.9
20161202,ID000BNG2M0,46108.56
20161202,ID000BNGZC8,314332.9
20161202,ID000BNJ6J2,1187.792
20161202,ID000BNJWJ5,5238.5703
20161202,ID000BNKLQ9,6504434.5
20161202,ID000BNKM96,0.0
20161202,ID000BNL681,663200.06
20161202,ID000BNMG88,206437.03
20161202,ID000BNMXN4,5953.9697
20161202,ID000BNNHC0,110.48782
20161202,ID000BNP1C3,8044652.0
20161202,ID000BNP507,2337094.0
20161202,ID000BNPK40,0.0
20161202,ID000BNQJK4,0.0
20161202,ID000BNS2N6,1365.007
20161202,ID000BNSF20,234539680.0
20161202,ID000BNTD42,47284.973
20161202,ID000BNV243,296828540.0
20161202,ID000BNVB07,667474.56
20161202,ID000BNW484,0.0
20161202,ID000BNWF16,0.0
20161202,ID000BNWJ09,7036.5703
20161202,ID000BNX7B2,0.0
20161202,ID000BNXPF8,0.0
20161202,ID000BNXXL4,0.0
20161202,ID000BNY044,0.0
20161202,ID000BNY5D3,0.0
20161202,ID000BNY8T0,0.0
20161202,ID000BNYT78,745.68805
20161202,ID000BNZJM2,2313.7832
20161202,ID000BNZT31,3528677.5
20161202,ID000BP01L5,64674824.0
20161202,ID000BP0CX8,26755.805
20161202,ID000BP0PS5,0.0
20161202,ID000BP0VN7,0.0
20161202,ID000BP1D29,0.0
20161202,ID000BP1P40,216195.28
20161202,ID000BP2Z10,95642.555
20161202,ID000BP3DM5,0.0
20161202,ID000BP3T31,2345802.5
20161202,ID000BP4BL9,2623.5
20161202,ID000BP53L6,11468.628
20161202,ID000BP57F4,2118.9104
20161202,ID000BP5D16,298489.44
20161202,ID000BP5GK8,6432376.5
20161202,ID000BP5RL3,44606.395
20161202,ID000BP5SQ6,0.0
20161202,ID000BP5TK0,5029.2744
20161202,ID000BP67W4,6090.788
20161202,ID000BP6FX5,36896.527
20161202,ID000BP6NG7,36457.87
20161202,ID000BP6XB0,6259.715
20161202,ID000BP7156,50695.766
20161202,ID000BP72Q1,12352600.0
20161202,ID000BP7FJ0,318.816
20161202,ID000BP7WM9,3823.2
20161202,ID000BP8BV4,14759.146
20161202,ID000BP8GL4,112622.64
20161202,ID000BP9FR9,56160.703
20161202,ID000BP9SM6,897.17554
20161202,ID000BPBC75,2155.02
20161202,ID000BPBHN6,24332.0
20161202,ID000BPBWC5,380343.34
20161202,ID000BPCDZ1,7072.5596
20161202,ID000BPCK94,16875712.0
20161202,ID000BPCVT8,184898.84
20161202,ID000BPCZ00,1580.5416
20161202,ID000BPD4W3,27557.014
20161202,ID000BPFND0,112079.57
20161202,ID000BPFPK7,47080730.0
20161202,ID000BPFPY2,19314.281
20161202,ID000BPGMM1,26615.246
20161202,ID000BPGP44,2629.0645
20161202,ID000BPH9Y6,1212.0725
20161202,ID000BPHXS0,34334.426
20161202,ID000BPJ2H8,5636.24
20161202,ID000BPK2C1,0.0
20161202,ID000BPKGL0,7789.6006
20161202,ID000BPKN35,2512.0046
20161202,ID000BPL8W5,2140017.5
20161202,ID000BPLBN8,0.0
20161202,ID000BPMLL7,7491084.0
20161202,ID000BPMS69,3701143.0
20161202,ID000BPN0Z7,75139.375
20161202,ID000BPNDM3,5713.5957
20161202,ID000BPP7Q0,1076.6843
20161202,ID000BPPMJ5,6039.705
20161202,ID000BPPPB6,25992.77
20161202,ID000BPQF36,4376452.0
20161202,ID000BPQPP0,43719.523
20161202,ID000BPR1M5,20919.398
20161202,ID000BPR7Q8,10574.7705
20161202,ID000BPRBC4,9048.029
20161202,ID000BPRXZ1,15919.303
20161202,ID000BPSLM0,2121.379
20161202,ID000BPSQW8,7803.3354
20161202,ID000BPT4H3,55399.883
20161202,ID000BPTQK0,155686.75
20161202,ID000BPTVD7,4269.3003
20161202,ID000BPV0D2,14020.308
20161202,ID000BPVN88,306898.8
20161202,ID000BPVTB1,101095.766
20161202,ID000BPWBS1,424052.88
20161202,ID000BPWG46,3627514.8
20161202,ID000BPWR97,179572.89
20161202,ID000BPWRY9,2651.792
20161202,ID000BPWV70,1038804.1
20161202,ID000BPWZF2,0.0
20161202,ID000BPX086,2287087.0
20161202,ID000BPX2K8,103798.7
20161202,ID000BPX479,71607.14
20161202,ID000BPX7Y2,88185.66
20161202,ID000BPXBH2,4461.6816
20161202,ID000BPXD42,1284127.8
20161202,ID000BPXFV7,7510.9443
20161202,ID000BPXH52,19562954.0
20161202,ID000BPXM24,1190630.6
20161202,ID000BPXQG0,4679.173
20161202,ID000BPXYN5,445.5634
20161202,ID000BPY717,11903326.0
20161202,ID000BPY977,12328.732
20161202,ID000BPYC43,32779.695
20161202,ID000BPYCJ7,1495.0605
20161202,ID000BPYS20,6052.653
20161202,ID000BPYTH2,24044.41
20161202,ID000BPYW94,87674.08
20161202,ID000BPYXW6,1490426.5
20161202,ID000BPZT45,17091.824
20161202,ID000BQ03P5,1372.4116
20161202,ID000BQ0TN0,0.0
20161202,ID000BQ1KT2,4093.3442
20161202,ID000BQ1MK7,7398.978
20161202,ID000BQ1Z64,848891.25
20161202,ID000BQ23X4,33879.23
20161202,ID000BQ2916,5034.7495
20161202,ID000BQ33Q1,331507.66
20161202,ID000BQ34V3,95514.5
20161202,ID000BQ40H6,2518.824
20161202,ID000BQ4861,31709.494
20161202,ID000BQ49H7,11185223.0
20161202,ID000BQ5370,813571.8
20161202,ID000BQ5F19,17029.818
20161202,ID000BQ5NZ5,26768.258
20161202,ID000BQ5V87,2650.2207
20161202,ID000BQ5Y54,479.2326
20161202,ID000BQ5YC6,25255962.0
20161202,ID000BQ5YP2,20974196.0
20161202,ID000BQ6GQ9,754229.3
20161202,ID000BQ6LD2,1763368.6
20161202,ID000BQ6V68,12520.61
20161202,ID000BQ8WK8,2783.92
20161202,ID000BQ9LV9,235238.77
20161202,ID000BQB1D0,8453545.0
20161202,ID000BQB2B0,2113.41
20161202,ID000BQB9Y0,6472050.5
20161202,ID000BQCV89,265901.72
20161202,ID000BQFDC1,554974.8
20161202,ID000BQFMZ6,19262.01
20161202,ID000BQG0G4,23409.193
20161202,ID000BQG341,12280.575
20161202,ID000BQG7R7,28654.11
20161202,ID000BQG984,4231.9683
20161202,ID000BQGC41,3.7825043
20161202,ID000BQGN92,11282.207
20161202,ID000BQGRK0,2616309.5
20161202,ID000BQGTC5,716573.56
20161202,ID000BQGTY1,7037201.0
20161202,ID000BQHFT6,439956.0
20161202,ID000BQHGF9,3164480.5
20161202,ID000BQHHG6,7201.141
20161202,ID000BQJ8Y4,12031.36
20161202,ID000BQJHC8,49463.04
20161202,ID000BQJMW5,2115.5535
20161202,ID000BQJSY0,17058.32
20161202,ID000BQJY31,0.0
20161202,ID000BQK6R4,2152.765
20161202,ID000BQL0T4,505109.34
20161202,ID000BQL6N7,415649.8
20161202,ID000BQLJ13,22816.182
20161202,ID000BQLL54,57303.836
20161202,ID000BQM3T7,0.0
20161202,ID000BQM8C4,1422131.8
20161202,ID000BQNFK8,56466.39
20161202,ID000BQNJ93,1052.4215
20161202,ID000BQNK27,2836816.0
20161202,ID000BQNKM5,16205747.0
20161202,ID000BQNMV1,13128.301
20161202,ID000BQNNL0,435580.6
20161202,ID000BQPF08,6381786.0
20161202,ID000BQR198,543415.75
20161202,ID000BQRVZ3,3893.9426
20161202,ID000BQRZX6,1127950.4
20161202,ID000BQSCL9,1496.5021
20161202,ID000BQSL57,9595.3545
20161202,ID000BQSZZ3,3842.8743
20161202,ID000BQT4H1,32118.252
20161202,ID000BQV228,21677.78
20161202,ID000BQVP54,2902.319
20161202,ID000BQW307,19370.938
20161202,ID000BQWFD6,1307.1777
20161202,ID000BQX0L9,10480.369
20161202,ID000BQXJ29,55398124.0
20161202,ID000BQXQP8,4174361.5
20161202,ID000BQXX19,170543.16
20161202,ID000BQY0Y4,7728.042
20161202,ID000BQY2W2,980.8671
20161202,ID000BQY715,5381233.5
20161202,ID000BQYDK1,7132.8374
20161202,ID000BQYJ64,255503.66
20161202,ID000BQYSH2,74392.52
20161202,ID000BQZ769,19390.799
20161202,ID000BR07V7,404571.78
20161202,ID000BR0863,82397.12
20161202,ID000BR0GF5,41292360.0
20161202,ID000BR0HH1,2441261.2
20161202,ID000BR1VQ9,15283.8
20161202,ID000BR2095,876119.3
20161202,ID000BR23T7,9908.197
20161202,ID000BR3LP0,57085.18
20161202,ID000BR5788,0.0
20161202,ID000BR5RC9,379825.8
20161202,ID000BR5SD6,41230730.0
20161202,ID000BR6N64,4487.287
20161202,ID000BR6PL2,18714.959
20161202,ID000BR79G3,12101.543
20161202,ID000BR7M47,85821704.0
20161202,ID000BR82H6,7103.6196
20161202,ID000BR83P5,6477.2324
20161202,ID000BR8552,4977925.0
20161202,ID000BR86Q7,444672.3
20161202,ID000BR8MG3,46977.797
20161202,ID000BR8S07,384130.44
20161202,ID000BR8Y04,0.0
20161202,ID000BRB5C0,0.0
20161202,ID000BRB647,357431.0
20161202,ID000BRBCY1,7048.02
20161202,ID000BRBDY9,166574.19
20161202,ID000BRC2N4,30263.193
20161202,ID000BRC842,19264.678
20161202,ID000BRCRQ6,2835.357
20161202,ID000BRCVQ7,0.0
20161202,ID000BRDMH6,254811.08
20161202,ID000BRF9N6,49669.105
20161202,ID000BRFCC1,9777268.0
20161202,ID000BRFD84,14932.077
20161202,ID000BRG1Z9,202353.1
20161202,ID000BRJ5D1,4514.664
20161202,ID000BRJTZ5,34908412.0
20161202,ID000BRJVY1,2862.7832
20161202,ID000BRKX02,395116.84
20161202,ID000BRLHV2,1050473.8
20161202,ID000BRLZP9,217887.44
20161202,ID000BRMNW7,13105079.0
20161202,ID000BRN3X9,76083.625
20161202,ID000BRNFF2,1158.0499
20161202,ID000BRP1T6,0.0
20161202,ID000BRP3G6,34173572.0
20161202,ID000BRP4C8,1366419.0
20161202,ID000BRP722,309007.9
20161202,ID000BRPK50,37272.953
20161202,ID000BRPM65,345.46283
20161202,ID000BRPMD7,67254.25
20161202,ID000BRPN09,9811.375
20161202,ID000BRPP68,1488617.2
20161202,ID000BRPQF6,89644.66
20161202,ID000BRPRP3,0.0
20161202,ID000BRPSM4,148760.02
20161202,ID000BRPWD5,19340.182
20161202,ID000BRQ0C5,352061.03
20161202,ID000BRQCY5,6605.984
20161202,ID000BRQND4,85.28883
20161202,ID000BRQVN5,0.0
20161202,ID000BRRQX4,26.212034
20161202,ID000BRRS24,0.0
20161202,ID000BRRY76,15993.302
20161202,ID000BRRZQ2,351042.47
20161202,ID000BRS159,4982.2026
20161202,ID000BRS7L8,1516670.4
20161202,ID000BRSFQ5,8443.501
20161202,ID000BRSN06,0.0
20161202,ID000BRT1B1,381.3806
20161202,ID000BRT5T3,468473.38
20161202,ID000BRTGX4,19070.492
20161202,ID000BRV5T0,11733.261
20161202,ID000BRV6T8,42534.195
20161202,ID000BRV8L2,125211.19
20161202,ID000BRVB35,0.0
20161202,ID000BRVG61,30246320.0
20161202,ID000BRVJF5,5401.9253
20161202,ID000BRW172,0.0
20161202,ID000BRW4V9,151956.53
20161202,ID000BRW733,6334.524
20161202,ID000BRWQD0,20642.396
20161202,ID000BRWZX8,1398.8878
20161202,ID000BRX5L6,8332292.0
20161202,ID000BRXYH8,59805.098
20161202,ID000BRY3K1,123071.15
20161202,ID000BRYT24,11116671.0
20161202,ID000BRZ0W3,11829.992
20161202,ID000BRZ213,23822.887
20161202,ID000BS04Y9,3548.6223
20161202,ID000BS09D1,0.0
20161202,ID000BS09X9,310487.84
20161202,ID000BS0JW8,889987.1
20161202,ID000BS0RG8,2536437.8
20161202,ID000BS0RN0,13647.391
20161202,ID000BS0SP6,87052.49
20161202,ID000BS11F5,88617.516
20161202,ID000BS1MT4,256074050.0
20161202,ID000BS1P17,3930090.2
20161202,ID000BS1PP1,1406060.8
20161202,ID000BS1Q06,2244.977
20161202,ID000BS1TJ0,71925.07
20161202,ID000BS1XM7,118045.55
20161202,ID000BS1Y72,4825.3955
20161202,ID000BS24R5,20240.637
20161202,ID000BS25H3,11804.69
20161202,ID000BS3BJ7,77960860.0
20161202,ID000BS3HK2,1099.3125
20161202,ID000BS3KW2,13057994.0
20161202,ID000BS3YF1,6171736.5
20161202,ID000BS4849,4706620.5
20161202,ID000BS4BP9,10523.944
20161202,ID000BS4GK3,417158.28
20161202,ID000BS4XB6,1194221.4
20161202,ID000BS5786,10792.365
20161202,ID000BS5F15,20916984.0
20161202,ID000BS5M47,241997.81
20161202,ID000BS6286,53131.883
20161202,ID000BS64Z2,15228996.0
20161202,ID000BS67L0,10369444.0
20161202,ID000BS6936,116483096.0
20161202,ID000BS6LN7,3682.8
20161202,ID000BS7846,161506.44
20161202,ID000BS7BQ5,0.0
20161202,ID000BS7H00,164787.11
20161202,ID000BS7YX7,7881.0283
20161202,ID000BS8079,236.94946
20161202,ID000BS8DV4,30348.59
20161202,ID000BS8W88,1803670.2
20161202,ID000BS9318,74333.2
20161202,ID000BSB930,18027.307
20161202,ID000BSBF36,67041.75
20161202,ID000BSBVW9,4885.4683
20161202,ID000BSC8H6,2806378.5
20161202,ID000BSCY61,5875637.0
20161202,ID000BSDBR7,9693272.0
20161202,ID000BSFNQ0,107719.03
20161202,ID000BSFS52,457385.03
20161202,ID000BSFTZ7,6412762.5
20161202,ID000BSGGQ4,3501.7637
20161202,ID000BSGL74,188464.81
20161202,ID000BSGRJ8,1486.125
20161202,ID000BSHNV2,71914.37
20161202,ID000BSJ7R0,164.87343
20161202,ID000BSJVR7,114963304.0
20161202,ID000BSK057,21725.451
20161202,ID000BSK6S9,52364390.0
20161202,ID000BSKJ38,12569.2
20161202,ID000BSKLW1,14607.824
20161202,ID000BSMSV5,163.51633
20161202,ID000BSMX08,0.0
20161202,ID000BSN5S8,3522403.0
20161202,ID000BSNX70,19522712.0
20161202,ID000BSNY78,121534.16
20161202,ID000BSP5X0,5232360.5
20161202,ID000BSPM63,82537.12
20161202,ID000BSPPC9,124422.76
20161202,ID000BSPYW8,311082.44
20161202,ID000BSRQG1,115312.69
20161202,ID000BSSB19,6942.4673
20161202,ID000BSSCW3,852556.44
20161202,ID000BSTF00,227699.86
20161202,ID000BSTF37,0.0
20161202,ID000BSTSV8,0.0
20161202,ID000BSV4V8,520487.56
20161202,ID000BSV6W2,20987896.0
20161202,ID000BSVKC3,14104.654
20161202,ID000BSWKL2,953049.2
20161202,ID000BSX0W3,2536846.8
20161202,ID000BSXH38,34967.79
20161202,ID000BSYWP0,1627023.9
20161202,ID000BSZKW7,0.0
20161202,ID000BT0048,34424.684
20161202,ID000BT0725,21880.625
20161202,ID000BT09Y6,463657.28
20161202,ID000BT0ZM1,53065344.0
20161202,ID000BT17G9,4200.198
20161202,ID000BT20Q2,846.43915
20161202,ID000BT3HZ4,11142.147
20161202,ID000BT3V92,2636.55
20161202,ID000BT3VD7,0.0
20161202,ID000BT58Y3,39821.95
20161202,ID000BT5MX3,7571.736
20161202,ID000BT5SP9,9028.58
20161202,ID000BT6CM6,17875.494
20161202,ID000BT7069,20062.273
20161202,ID000BT76T1,100467.72
20161202,ID000BT7DQ9,9392.731
20161202,ID000BT7MJ7,11922901.0
20161202,ID000BT7RH8,2095582.2
20161202,ID000BT86T0,11769.14
20161202,ID000BT89D1,125750.195
20161202,ID000BT8DT5,2243.6567
20161202,ID000BT8DX0,14647.618
20161202,ID000BT8FB9,207.61879
20161202,ID000BT8YL7,40984024.0
20161202,ID000BT95Y5,5646.887
20161202,ID000BT96B8,22868.17
20161202,ID000BT9833,65216.867
20161202,ID000BT9D50,0.0
20161202,ID000BT9FJ0,47458.61
20161202,ID000BT9GD4,207255.39
20161202,ID000BT9J48,135576.72
20161202,ID000BTB7L2,156012.39
20161202,ID000BTB947,52670.074
20161202,ID000BTBS63,25771.21
20161202,ID000BTBVC9,10214515.0
20161202,ID000BTBWD6,5759.3433
20161202,ID000BTBWZ2,556.4482
20161202,ID000BTC1R8,5196.0723
20161202,ID000BTC786,2597406.8
20161202,ID000BTCDC8,2361.6155
20161202,ID000BTD2X8,10603.574
20161202,ID000BTDJ70,218866.5
20161202,ID000BTFR70,0.0
20161202,ID000BTFZ63,9378.088
20161202,ID000BTG0S5,41607484.0
20161202,ID000BTGT20,141926.6
20161202,ID000BTHL71,5298.784
20161202,ID000BTHT38,2997235.5
20161202,ID000BTHTW6,29954.113
20161202,ID000BTJYT7,6741.0264
20161202,ID000BTKM11,626.17505
20161202,ID000BTM3X6,104000.15
20161202,ID000BTMCW7,45639.99
20161202,ID000BTMDZ2,191.14801
20161202,ID000BTN3B9,50898.594
20161202,ID000BTN524,5252.197
20161202,ID000BTNPW7,166060.9
20161202,ID000BTQF92,72987.39
20161202,ID000BTQM79,15031.343
20161202,ID000BTRVB3,335123.5
20161202,ID000BTT2S7,0.0
20161202,ID000BTT6G1,7191270.5
20161202,ID000BTV3D8,11278.416
20161202,ID000BTV7R4,125332.484
20161202,ID000BTVMD6,3246723.0
20161202,ID000BTWQJ0,1049254.8
20161202,ID000BTXK48,22517.521
20161202,ID000BTZSM9,327288.8
20161202,ID000BTZX93,2868786.2
20161202,ID000BV0F59,11227.54
20161202,ID000BV1FV9,2099297.8
20161202,ID000BV28R9,58318.17
20161202,ID000BV2V61,13453643.0
20161202,ID000BV33C5,85849.06
20161202,ID000BV3GP2,203176.16
20161202,ID000BV4YD5,110034.17
20161202,ID000BV57S7,1049686.4
20161202,ID000BV5MD0,12492.786
20161202,ID000BV6341,2526.81
20161202,ID000BV72J6,15453.903
20161202,ID000BV7HW8,127.1673
20161202,ID000BV7WV6,10009076.0
20161202,ID000BV9320,2937.0786
20161202,ID000BV96H7,444718.66
20161202,ID000BVB443,1242312.5
20161202,ID000BVBP73,2926.0789
20161202,ID000BVBYJ1,14630.76
20161202,ID000BVBYQ3,34605.6
20161202,ID000BVCGL6,49207.13
20161202,ID000BVCK82,6894692.0
20161202,ID000BVCKL7,4862.385
20161202,ID000BVCVZ8,74745.21
20161202,ID000BVCW95,51817.234
20161202,ID000BVD9H6,0.0
20161202,ID000BVDBF3,480216.97
20161202,ID000BVDF55,18180.297
20161202,ID000BVDY54,53457.926
20161202,ID000BVDZV2,9252400.0
20161202,ID000BVFLJ5,21366.902
20161202,ID000BVFXL6,4673086.5
20161202,ID000BVFYF1,60079.367
20161202,ID000BVGMQ4,614187.25
20161202,ID000BVGPY8,98037.52
20161202,ID000BVGYM2,9362085.0
20161202,ID000BVHW90,1109807.9
20161202,ID000BVJ2V9,10950.0
20161202,ID000BVJ533,39969160.0
20161202,ID000BVKQ53,138948.84
20161202,ID000BVKT57,12969.356
20161202,ID000BVLHD3,25401.797
20161202,ID000BVM7D4,356657.4
20161202,ID000BVMJW7,30056.496
20161202,ID000BVN9S3,24262.217
20161202,ID000BVPH03,2713.6687
20161202,ID000BVPNR1,25712.65
20161202,ID000BVPSS9,4705843.5
20161202,ID000BVPZL0,148828500.0
20161202,ID000BVQ866,67528800.0
20161202,ID000BVQZ75,18830084.0
20161202,ID000BVRB40,11666.582
20161202,ID000BVRS89,44362.16
20161202,ID000BVSBV9,11460.516
20161202,ID000BVSKH5,115553.56
20161202,ID000BVT863,1555.3613
20161202,ID000BVT8G2,20677.605
20161202,ID000BVT8Z1,4817.3403
20161202,ID000BVTCL7,0.0
20161202,ID000BVTD71,19167176.0
20161202,ID000BVTFV9,1515666.2
20161202,ID000BVTJK3,0.0
20161202,ID000BVTMG1,12434410.0
20161202,ID000BVTPG4,146991.78
20161202,ID000BVTTJ3,3858844.0
20161202,ID000BVTVP1,9976.225
20161202,ID000BVVFG3,37142.305
20161202,ID000BVVG99,265372.5
20161202,ID000BVVR77,26022306.0
20161202,ID000BVVWT2,445876.6
20161202,ID000BVW075,5285.4907
20161202,ID000BVW3Z8,5473.217
20161202,ID000BVX699,0.0
20161202,ID000BVYWW5,25055.072
20161202,ID000BW0JX8,74582.11
20161202,ID000BW0QD4,532744.1
20161202,ID000BW1086,0.0
20161202,ID000BW1NS4,0.0
20161202,ID000BW1RD1,4331298.5
20161202,ID000BW2KX3,191951.3
20161202,ID000BW2S93,216090.33
20161202,ID000BW3DH6,47100.188
20161202,ID000BW3FN4,182982.16
20161202,ID000BW3G98,1436.035
20161202,ID000BW3HQ7,1693.0631
20161202,ID000BW4519,38714684.0
20161202,ID000BW4BS7,0.0
20161202,ID000BW4D21,0.0
20161202,ID000BW4JD6,0.0
20161202,ID000BW4KL4,0.0
20161202,ID000BW4QS4,61648070.0
20161202,ID000BW4SH2,200901020.0
20161202,ID000BW4TM4,0.0
20161202,ID000BW4XH1,78135.9
20161202,ID000BW55T8,37726.355
20161202,ID000BW5D75,0.0
20161202,ID000BW5G41,175425.95
20161202,ID000BW6697,4329506.5
20161202,ID000BW6KG8,146539.69
20161202,ID000BW6ZB0,1014.02997
20161202,ID000BW87H4,6615373.0
20161202,ID000BW8SN1,480618.28
20161202,ID000BW8VJ9,1200982.0
20161202,ID000BW92S2,0.0
20161202,ID000BWB6N5,0.0
20161202,ID000BWB9R5,3340.1748
20161202,ID000BWBBF3,195269220.0
20161202,ID000BWBGG1,460.257
20161202,ID000BWC3L3,75804.02
20161202,ID000BWC8G8,1101.0405
20161202,ID000BWD715,100.6825
20161202,ID000BWF7C1,100688810.0
20161202,ID000BWFBB3,361.61124
20161202,ID000BWG7D9,230.40158
20161202,ID000BWGQS1,0.0
20161202,ID000BWGTT4,865928.2
20161202,ID000BWGXP9,161025.14
20161202,ID000BWH908,4725707.0
20161202,ID000BWK469,4781.5073
20161202,ID000BWKD32,43081.598
20161202,ID000BWKSN7,7206084.0
20161202,ID000BWL3T5,5068.835
20161202,ID000BWMDY6,0.0
20161202,ID000BWMYL4,39216.023
20161202,ID000BWPGB1,2796541.5
20161202,ID000BWPJ70,18708.834
20161202,ID000BWPKS4,4624046.5
20161202,ID000BWQ3S1,26112.686
20161202,ID000BWQ506,4623529.5
20161202,ID000BWR0K4,112786.75
20161202,ID000BWRFG6,855.8
20161202,ID000BWS531,28202.771
20161202,ID000BWSK92,11209.001
20161202,ID000BWT5W8,788495.44
20161202,ID000BWT8S7,298621.56
20161202,ID000BWV7L3,0.0
20161202,ID000BWV9C9,66843.125
20161202,ID000BWVFJ8,49294.426
20161202,ID000BWVNP4,793.856
20161202,ID000BWVXS9,16844.26
20161202,ID000BWWKJ6,434819.03
20161202,ID000BWYBR5,219855.11
20161202,ID000BWYCT1,15823.2
20161202,ID000BWYGF7,82298.766
20161202,ID000BWYKD0,26749458.0
20161202,ID000BWYQX5,75760.125
20161202,ID000BWYZF5,40884.86
20161202,ID000BWZBM9,0.0
20161202,ID000BWZDP2,88842850.0
20161202,ID000BWZF40,29819.035
20161202,ID000BWZN16,13931650.0
20161202,ID000BX06K8,15207.624
20161202,ID000BX0JM8,0.0
20161202,ID000BX0KG2,3224245.0
20161202,ID000BX1057,11793920.0
20161202,ID000BX17Y0,39392.57
20161202,ID000BX1HZ7,2703.8198
20161202,ID000BX21D5,51291.13
20161202,ID000BX23F9,156130.77
20161202,ID000BX25G3,13709133.0
20161202,ID000BX2JQ2,480475.1
20161202,ID000BX2M58,3851.9622
20161202,ID000BX2SH2,77794910.0
20161202,ID000BX2V67,217155.53
20161202,ID000BX3HJ3,223.21999
20161202,ID000BX3LS4,4930108.5
20161202,ID000BX4HR3,33552.336
20161202,ID000BX4S53,39421104.0
20161202,ID000BX63D7,544688.75
20161202,ID000BX6KZ5,1493083.9
20161202,ID000BX6WM3,26529.281
20161202,ID000BX7042,5065.8296
20161202,ID000BX7J69,17970452.0
20161202,ID000BX7P83,0.0
20161202,ID000BX7V26,213559.39
20161202,ID000BX8BP4,378032.4
20161202,ID000BX9VY9,15668198.0
20161202,ID000BXB653,253641.8
20161202,ID000BXBH59,487.93686
20161202,ID000BXBZ04,153463.39
20161202,ID000BXCBM2,171224.28
20161202,ID000BXCDP5,144295.61
20161202,ID000BXCGS5,1303648.9
20161202,ID000BXCT07,0.0
20161202,ID000BXF9J8,5326337.0
20161202,ID000BXFFW9,725786.7
20161202,ID000BXFXF9,138237.48
20161202,ID000BXG658,10806936.0
20161202,ID000BXG9L4,304553.88
20161202,ID000BXH3S9,9590592.0
20161202,ID000BXH8N3,10890.664
20161202,ID000BXHDR8,10094.694
20161202,ID000BXHDS7,113480.234
20161202,ID000BXHHP1,603.691
20161202,ID000BXJSZ4,4460498.0
20161202,ID000BXKL96,14226067.0
20161202,ID000BXLKM2,778811.1
20161202,ID000BXLLP7,83391.08
20161202,ID000BXLYW1,2480.043
20161202,ID000BXN2G7,7382.2573
20161202,ID000BXNDK8,495295.84
20161202,ID000BXNGD9,2767884.8
20161202,ID000BXNH74,29030.088
20161202,ID000BXPVB6,52633.137
20161202,ID000BXPWF0,6379710.0
20161202,ID000BXPWS6,29.515913
20161202,ID000BXQHQ0,120843.836
20161202,ID000BXQXG6,81966.875
20161202,ID000BXQY10,1693252.4
20161202,ID000BXR6C8,30329.059
20161202,ID000BXR7X3,2252134.5
20161202,ID000BXRDS6,0.0
20161202,ID000BXRMP9,21739642.0
20161202,ID000BXS012,1816.4865
20161202,ID000BXSZW1,100877.63
20161202,ID000BXT618,4452.0166
20161202,ID000BXTJD7,24342.268
20161202,ID000BXVPP7,7085.221
20161202,ID000BXVQ57,364540.06
20161202,ID000BXVRN5,17154.145
20161202,ID000BXX1M1,334564.5
20161202,ID000BXXFS4,2021.6553
20161202,ID000BXXPH4,1038711.44
20161202,ID000BXYNR7,184306.27
20161202,ID000BXZV70,32146.604
20161202,ID000BXZXD9,3364.9028
20161202,ID000BXZZ62,123477.16
20161202,ID000BY0FY1,60575.23
20161202,ID000BY0K89,3861.0435
20161202,ID000BY18K1,23210.469
20161202,ID000BY1GM1,1097.544
20161202,ID000BY20V5,2951726.8
20161202,ID000BY25X2,11753.684
20161202,ID000BY36M1,56387.566
20161202,ID000BY9PN2,2641.375
20161202,ID000BYCZP4,0.0
20161202,ID000BYDP02,478.27298
20161202,ID000BYGV88,11819.557
20161202,ID000BYHCL4,0.0
20161202,ID000BYHWR4,0.0
20161202,ID000BYJCQ7,2056.125
20161202,ID000BYJJH2,77233.1
20161202,ID000BYK5F2,765965.94
20161202,ID000BYLHP4,121042380.0
20161202,ID000BYM0R8,0.0
20161202,ID000BYM169,289774.47
20161202,ID000BYN2H4,0.0
20161202,ID000BYNK75,5229.828
20161202,ID000BYNWD2,22253.664
20161202,ID000BYP2J0,2814.812
20161202,ID000BYPZQ9,41227.957
20161202,ID000BYQLZ9,93322.02
20161202,ID000BYQZH8,14874.251
20161202,ID000BYR4L1,216030.14
20161202,ID000BYSBM3,544.367
20161202,ID000BYSFW3,13753.133
20161202,ID000BYV2N8,180354.03
20161202,ID000BYVJ33,18237910.0
20161202,ID000BYVKH5,0.0
20161202,ID000BYWT85,438435.16
20161202,ID000BYWWW1,24612082.0
20161202,ID000BYXLD5,1193.8411
20161202,ID000BYXX30,1291328.0
20161202,ID000BYXZ99,420050.8
20161202,ID000BYY2M6,69337.17
20161202,ID000BYY530,0.0
20161202,ID000BYYRT4,53153.723
20161202,ID000BYZK36,3749.3975
20161202,ID000BYZM87,24905.75
20161202,ID000BZ0BL1,11984.866
20161202,ID000BZ0MB8,424967.78
20161202,ID000BZ0Y31,0.0
20161202,ID000BZ1766,162415.78
20161202,ID000BZ1Z64,7651234.5
20161202,ID000BZ2284,72718.02
20161202,ID000BZ34H9,40368.656
20161202,ID000BZ3951,132727.4
20161202,ID000BZ3Q44,4503.2
20161202,ID000BZ49J5,75543.94
20161202,ID000BZ56J0,241012.72
20161202,ID000BZ5GS8,2781485.5
20161202,ID000BZ5K45,6.72952
20161202,ID000BZ5P26,29834.0
20161202,ID000BZ5TN5,9783.29
20161202,ID000BZ6048,5896657.5
20161202,ID000BZ6C24,671637.5
20161202,ID000BZ6QF9,232981.27
20161202,ID000BZ7BK5,58249.223
20161202,ID000BZ7CR6,17673.135
20161202,ID000BZ7DN8,967.6125
20161202,ID000BZ85K7,7133.356
20161202,ID000BZ93W8,16766.957
20161202,ID000BZ9PC1,0.0
20161202,ID000BZB3M6,823.9463
20161202,ID000BZBXQ6,407254.22
20161202,ID000BZC3M5,15047.994
20161202,ID000BZC7Y3,17682.398
20161202,ID000BZCG00,8065.8203
20161202,ID000BZD6K9,92280.35
20161202,ID000BZDNW9,31510.398
20161202,ID000BZG270,37986092.0
20161202,ID000BZGD85,40720.777
20161202,ID000BZGLM1,5844596.0
20161202,ID000BZH4D8,4917.3467
20161202,ID000BZH9G4,0.0
20161202,ID000BZK1T3,14177.339
20161202,ID000BZKS41,13934.513
20161202,ID000BZLBT0,0.0
20161202,ID000BZLR24,48816.895
20161202,ID000BZM6S1,0.0
20161202,ID000BZM736,0.0
20161202,ID000BZMB19,47620.46
20161202,ID000BZMD24,0.0
20161202,ID000BZMG09,41636.305
20161202,ID000BZN398,2556.72
20161202,ID000BZNRC1,250782.75
20161202,ID000BZP751,12018.601
20161202,ID000BZPTJ8,84500.26
20161202,ID000BZQWS0,54078.43
20161202,ID000BZRG40,533.1744
20161202,ID000BZRNX3,12921.926
20161202,ID000BZS4M6,69728.76
20161202,ID000BZSDL7,9342.838
20161202,ID000BZSG49,6452.967
20161202,ID000BZT267,11994475.0
20161202,ID000BZTFG7,24198.867
20161202,ID000BZTR35,1654101.4
20161202,ID000BZVLQ0,954009.75
20161202,ID000BZVSJ3,142961.31
20161202,ID000BZVYW5,2065159.6
20161202,ID000BZWBX3,0.0
20161202,ID000BZWM96,5206424.0
20161202,ID000BZYRS2,1105097.4
20161202,ID000BZZ2N1,49184.31
20161202,ID000BZZ7W0,15750591.0
20161202,ID000BZZK79,4205791.0
20161202,ID000BZZXV4,839797.06
20161202,ID000C01RQ6,32313.7
20161202,ID000C01VM1,0.0
20161202,ID000C02WX6,1261.7302
20161202,ID000C02Z87,56833772.0
20161202,ID000C03WJ1,3900314.8
20161202,ID000C04CZ6,104959064.0
20161202,ID000C04FX1,63084372.0
20161202,ID000C04HR4,149169.1
20161202,ID000C04KV2,0.0
20161202,ID000C059M6,163613570.0
20161202,ID000C05R19,84140056.0
20161202,ID000C06HM7,0.0
20161202,ID000C06YX8,3219.1006
20161202,ID000C07H28,0.0
20161202,ID000C089Q9,117631.805
20161202,ID000C09R51,0.0
20161202,ID000C09SF8,6282.815
20161202,ID000C0FNW3,2169.4512
20161202,ID000C0GXK3,0.0
20161202,ID000C0GYX7,14.340601
20161202,ID000C0H7P4,0.0
20161202,ID000C0KN20,5460.6807
20161202,ID000C0M876,96174710.0
20161202,ID000C0N296,764216.3
20161202,ID000C0N5T7,99307.016
20161202,ID000C0NNT8,16.182865
20161202,ID000C0S0W9,601085.3
20161202,ID000C0S2M6,882923.1
20161202,ID000C0SX66,10.898215
20161202,ID000C0TD50,8496839.0
20161202,ID000C0TGK6,379833.8
20161202,ID000C0TJ84,5720463.0
20161202,ID000C0V0Z2,2075638.8
20161202,ID000C0XM55,3546667.0
20161202,ID000C0YDJ9,23603834.0
20161202,ID000C0YFW9,124360.51
20161202,ID000C0YGB0,146794530.0
20161202,ID000C0YHZ2,403615.94
20161202,ID000C0ZKV8,0.0
20161202,ID000C0ZTM9,452826.5
20161202,ID000C11F35,6559.405
20161202,ID000C13B14,907757.9
20161202,ID000C14384,0.0
20161202,ID000C14NJ8,479635.0
20161202,ID000C16HR0,8230.206
20161202,ID000C18VW1,16583.758
20161202,ID000C192X3,39922.85
20161202,ID000C19BK7,1107240.0
20161202,ID000C19BN4,48964.91
20161202,ID000C19N12,20594.248
20161202,ID000C19SB0,187.14511
20161202,ID000C1B288,6265.616
20161202,ID000C1BSZ1,2855.25
20161202,ID000C1CZV8,67772.4
20161202,ID000C1DDM6,0.0
20161202,ID000C1DX97,276974.56
20161202,ID000C1F417,60784.94
20161202,ID000C1G7K8,10401.199
20161202,ID000C1HDQ8,5178.8745
20161202,ID000C1HLN3,0.0
20161202,ID000C1HSN8,107433176.0
20161202,ID000C1JGW2,6641.798
20161202,ID000C1JV31,1956659.9
20161202,ID000C1KY33,0.0
20161202,ID000C1LFQ8,36532.188
20161202,ID000C1LJH0,0.0
20161202,ID000C1M053,3581.7798
20161202,ID000C1M473,261060880.0
20161202,ID000C1MK95,0.0
20161202,ID000C1MM28,0.0
20161202,ID000C1NWX1,0.0
20161202,ID000C1P657,248972.11
20161202,ID000C1PBJ1,0.0
20161202,ID000C1PN69,3191199.8
20161202,ID000C1Q594,29275582.0
20161202,ID000C1Q923,0.0
20161202,ID000C1R4N0,12240.903
20161202,ID000C1R6K8,41777.246
20161202,ID000C1R7V4,3408.075
20161202,ID000C1RCS7,0.0
20161202,ID000C1RHJ6,2006.6249
20161202,ID000C1RKK7,0.0
20161202,ID000C1S1W5,0.0
20161202,ID000C1S976,24279.697
20161202,ID000C1SBH0,675153.75
20161202,ID000C1SNC9,60681.77
20161202,ID000C1TFD4,0.0
20161202,ID000C1V188,0.0
20161202,ID000C1V3Z4,59680976.0
20161202,ID000C1VT14,0.0
20161202,ID000C1VX79,0.0
20161202,ID000C1W4G2,33401.926
20161202,ID000C1W506,8105.1553
20161202,ID000C1W6R5,104421624.0
20161202,ID000C1WJ60,258.83948
20161202,ID000C1WMD5,0.0
20161202,ID000C1WT59,0.0
20161202,ID000C1WX14,0.0
20161202,ID000C1X8C6,0.0
20161202,ID000C1XB75,6146.2476
20161202,ID000C1XGL8,0.0
20161202,ID000C1XTD9,9996.436
20161202,ID000C1Y6Q4,13912120.0
20161202,ID000C1Y7P3,48378.652
20161202,ID000C1YNP8,0.0
20161202,ID000C1YTY5,0.0
20161202,ID000C1Z7T8,0.0
20161202,ID000C1ZFY4,68.32612
20161202,ID000C20331,176336030.0
20161202,ID000C20SL6,0.0
20161202,ID000C216X0,0.0
20161202,ID000C21B41,0.0
20161202,ID000C21QQ4,0.0
20161202,ID000C21VJ1,0.0
20161202,ID000C21XN2,3224888.0
20161202,ID000C21YL2,0.0
20161202,ID000C22CB0,5853.146
20161202,ID000C22V73,2690222.8
20161202,ID000C23BS3,3056808.5
20161202,ID000C23K94,342154.22
20161202,ID000C23MM5,455722.88
20161202,ID000C282B6,0.0
20161202,ID000C29RR3,4055.8462
20161202,ID000C2B838,5340.1655
20161202,ID000C2BDZ2,80409.68
20161202,ID000C2BWN3,111086.79
20161202,ID000C2C436,26575432.0
20161202,ID000C2DQK7,2990351.0
20161202,ID000C2G0Y6,4738.0576
20161202,ID000C2H912,2980.7197
20161202,ID000C2HXV6,19491720.0
20161202,ID000C2J064,6997.973
20161202,ID000C2J4B0,8113.843
20161202,ID000C2K259,2314288.2
20161202,ID000C2LX78,51255.62
20161202,ID000C2LY67,44419.387
20161202,ID000C2M2P5,162.81276
20161202,ID000C2NHN3,7703.7617
20161202,ID000C2NZV4,16042.587
20161202,ID000C2P0S3,1554816.0
20161202,ID000C2P0W8,1219542.2
20161202,ID000C2PWS3,1276.1549
20161202,ID000C2QN48,5472112.5
20161202,ID000C2QT36,926058.3
20161202,ID000C2QZQ7,641.2553
20161202,ID000C2TXM3,27403.43
20161202,ID000C2V319,28979872.0
20161202,ID000C2V6W8,83671150.0
20161202,ID000C2VSX9,34990596.0
20161202,ID000C2WYY4,6970631.0
20161202,ID000C2XR14,217134.33
20161202,ID000C2YSM8,86580.55
20161202,ID000C2ZX00,8170.2
20161202,ID000C30552,5221331.0
20161202,ID000C30H01,1173.9226
20161202,ID000C30NR9,567558.8
20161202,ID000C30Z83,1984255.4
20161202,ID000C31329,993327.44
20161202,ID000C31NV3,799710.7
20161202,ID000C32H63,31024.484
20161202,ID000C331Q5,627746.9
20161202,ID000C339J6,229722.25
20161202,ID000C349Q7,69098.18
20161202,ID000C34K73,25442924.0
20161202,ID000C357M4,328339.03
20161202,ID000C35LZ9,6535290.5
20161202,ID000C36X46,0.0
20161202,ID000C37MN8,7726824.5
20161202,ID000C37RK0,123018.28
20161202,ID000C384X6,70085.14
20161202,ID000C38947,174598.69
20161202,ID000C38BB4,101879.35
20161202,ID000C38N82,117797420.0
20161202,ID000C3BS14,10734.989
20161202,ID000C3C023,0.0
20161202,ID000C3CNV1,24255.65
20161202,ID000C3CPS0,45987.266
20161202,ID000C3D2Z2,33294.547
20161202,ID000C3D727,100845.89
20161202,ID000C3DY28,29239.594
20161202,ID000C3FDB2,22249.53
20161202,ID000C3FGY0,291850.53
20161202,ID000C3FZ78,6132.316
20161202,ID000C3GDD9,3479.0625
20161202,ID000C3H4B0,56759.56
20161202,ID000C3HPY8,27233.018
20161202,ID000C3J4X4,31953880.0
20161202,ID000C3JQZ3,5084.31
20161202,ID000C3JT69,162617.48
20161202,ID000C3KFS3,86406.44
20161202,ID000C3KXC1,337507.34
20161202,ID000C3L6Q4,49322.957
20161202,ID000C3LHJ8,4687.721
20161202,ID000C3LQS8,20814.17
20161202,ID000C3M059,19043758.0
20161202,ID000C3M4W1,0.0
20161202,ID000C3NRG7,135110.56
20161202,ID000C3RLK1,0.0
20161202,ID000C3RNT8,1594953.9
20161202,ID000C3S302,29883.979
20161202,ID000C3SGX7,4076.7598
20161202,ID000C3SMF4,2630697.0
20161202,ID000C3SSB5,585699.56
20161202,ID000C3T490,0.0
20161202,ID000C3TS79,291212.97
20161202,ID000C3VR96,9.247331
20161202,ID000C3VX11,4482530.5
20161202,ID000C3VY28,27079146.0
20161202,ID000C3W272,2033.3041
20161202,ID000C3W398,4242.215
20161202,ID000C3X903,1050075.9
20161202,ID000C3XBX2,0.0
20161202,ID000C3XF09,0.0
20161202,ID000C3YBM3,9839489.0
20161202,ID000C400W1,1292246.5
20161202,ID000C41VP0,4248894.0
20161202,ID000C42R87,85719.9
20161202,ID000C43N30,5063.51
20161202,ID000C43PD4,1484742.5
20161202,ID000C443R7,60645.973
20161202,ID000C44BF2,9211.399
20161202,ID000C457T5,1616.8934
20161202,ID000C458N9,0.0
20161202,ID000C467H7,13421261.0
20161202,ID000C47J80,1452911.6
20161202,ID000C47Q48,8875.087
20161202,ID000C47X61,0.0
20161202,ID000C48V55,6936334.0
20161202,ID000C49Y67,22173.238
20161202,ID000C4BKF4,24808.291
20161202,ID000C4BPN4,5336.3374
20161202,ID000C4BVH8,29715.123
20161202,ID000C4BXG5,105660.63
20161202,ID000C4C1K9,204737.62
20161202,ID000C4C539,0.0
20161202,ID000C4CCW2,0.0
20161202,ID000C4CSZ4,11519.648
20161202,ID000C4D1L7,1394655.2
20161202,ID000C4D3V2,1366051.6
20161202,ID000C4D510,24610.424
20161202,ID000C4D7C4,0.0
20161202,ID000C4DNY5,27941128.0
20161202,ID000C4FQX7,13671.0
20161202,ID000C4G7T3,47628.004
20161202,ID000C4H1P9,2851.9849
20161202,ID000C4HGK1,130985.66
20161202,ID000C4HQV7,215118.86
20161202,ID000C4JHR0,138183.11
20161202,ID000C4K9S5,5010379.5
20161202,ID000C4LV50,333908.9
20161202,ID000C4LZ51,47352.227
20161202,ID000C4N8Q6,1531.3442
20161202,ID000C4N984,252.93097
20161202,ID000C4NFN3,796762.4
20161202,ID000C4PGC1,39263.973
20161202,ID000C4PS80,32021.59
20161202,ID000C4RXC2,7178.8413
20161202,ID000C4S1P7,36460.473
20161202,ID000C4TC63,1420.1082
20161202,ID000C4TJ86,53796.562
20161202,ID000C4TNB3,248437.3
20161202,ID000C4TRJ6,32643.096
20161202,ID000C4W2L4,2978.455
20161202,ID000C4W9D8,7217959.0
20161202,ID000C4XZ67,2480.0186
20161202,ID000C4Y3X7,25668.63
20161202,ID000C4Y5M4,1309457.6
20161202,ID000C4Y7K2,54268.953
20161202,ID000C4ZMD6,0.0
20161202,ID000C4ZQZ3,18858.982
20161202,ID000C4ZS16,9542.73
20161202,ID000C52SP3,2.5272002
20161202,ID000C52ZD0,318053.88
20161202,ID000C55X79,657282.3
20161202,ID000C55ZS1,1672.5455
20161202,ID000C58YM7,11435.865
20161202,ID000C590L1,1205.5791
20161202,ID000C5GNC3,0.0
20161202,ID000C5K4X7,40366.844
20161202,ID000C5KBR8,2384.9087
20161202,ID000C5R282,15800.566
20161202,ID000C5R638,79866.75
20161202,ID000C5TYF2,25105.633
20161202,ID000C5W9N4,0.0
20161202,ID000C5XJZ8,5.17734
20161202,ID000C5XT13,6366944.0
20161202,ID000C63DF4,1991628.8
20161202,ID000C63GZ5,2209.054
20161202,ID000C65TV9,233431.23
20161202,ID000C68PF2,6962.9146
20161202,ID000C68PZ0,1370.7142
20161202,ID000C68VC2,5019908.0
20161202,ID000C6B8R3,48656.605
20161202,ID000C6CSZ9,3022.8662
20161202,ID000C6CVN5,412.23007
20161202,ID000C6GH25,210517.38
20161202,ID000C6GMF0,443758.3
20161202,ID000C6K5W3,156562460.0
20161202,ID000C6KD92,16528.28
20161202,ID000C6KG04,45215.72
20161202,ID000C6LMQ2,29562.188
20161202,ID000C6N4Y1,5204.07
20161202,ID000C6N658,56762.293
20161202,ID000C6TR74,5668.9746
20161202,ID000C6TRK9,679117.56
20161202,ID000C6XDQ9,2851814.8
20161202,ID000C6YWQ6,24441.293
20161202,ID000C74FK0,0.0
20161202,ID000C74H71,0.0
20161202,ID000C779C0,6046.304
20161202,ID000C7DYG4,824.0867
20161202,ID000C7VJ77,5582.0435
20161202,ID000C7VPF4,8767.317
20161202,ID000C7X325,1486026.9
20161202,ID000C7YM13,82170.49
20161202,ID000C842M5,0.0
20161202,ID000C86P42,150.71812
20161202,ID000C86VD9,813.778
20161202,ID000C8DCV3,391130.4
20161202,ID000C8DDH7,0.0
20161202,ID000C8H697,4646.4863
20161202,ID000C8L0S4,61243316.0
20161202,ID000C8WDZ6,384363.75
20161202,ID000C93F45,37322.41
20161202,ID000C94Q86,101750.32
20161202,ID000C969T9,0.0
20161202,ID000C96B14,42196.098
20161202,ID000C97H92,28244.3
20161202,ID000C9PHX5,0.0
20161202,ID000C9PMR1,1966773.0
20161202,ID000C9PNT7,28139.758
20161202,ID000C9PR54,0.0
20161202,ID000C9R1H6,0.0
20161202,ID000C9R4J8,0.0
20161202,ID000C9S6S2,6115044.0
20161202,ID000C9S8D4,1396816.8
20161202,ID000C9S9H8,0.0
20161202,ID000C9SH26,0.0
20161202,ID000CB5W32,111134.7
20161202,ID000CB8JN6,73346.21
20161202,ID000CB9Z95,17061.367
20161202,ID000CBLCP4,0.0
20161202,ID000CBNYW6,176338.11
20161202,ID000CBQ7S7,1248063.4
20161202,ID000CBQ9M9,9442.9795
20161202,ID000CBWST3,20703.045
20161202,ID000CBY0B1,5186.1006
20161202,ID000CBZN20,7049972.5
20161202,ID000CC2BV8,5858803.0
20161202,ID000CC66W4,0.0
20161202,ID000CCGKL4,28944.664
20161202,ID000CCGNN6,1189.7201
20161202,ID000CCQTR8,34002.703
20161202,ID000CCQV93,119969.89
20161202,ID000CCVYC7,21856.32
20161202,ID000CCVZZ9,222944770.0
20161202,ID000CCX431,129749.28
20161202,ID000CCYKT6,2425317.8
20161202,ID000CD3W58,13595.02
20161202,ID000CD8516,0.0
20161202,ID000CD85C4,0.0
20161202,ID000CD85S7,0.0
20161202,ID000CD8641,0.0
20161202,ID000CD86Q7,0.0
20161202,ID000CD86Z7,0.0
20161202,ID000CD87R4,0.0
20161202,ID000CD8847,0.0
20161202,ID000CDDCD2,3323.1323
20161202,ID000CDMGT6,0.0
20161202,ID000CDNWC8,2404834.8
20161202,ID000CDP679,0.0
20161202,ID000CDRRT7,0.0
20161202,ID000CDWV67,11156.595
20161202,ID000CDY3M9,151348.53
20161202,ID000CDY624,92859.2
20161202,ID000CDY9Q2,0.0
20161202,ID000CDYGR5,1965124.4
20161202,ID000CDZNC5,4886058.5
20161202,ID000CF2CX7,221.09518
20161202,ID000CF9850,0.0
20161202,ID000CFBRS0,86172.71
20161202,ID000CFBTL3,2024.526
20161202,ID000CFJHR5,503.72003
20161202,ID000CFNH18,36834.73
20161202,ID000CFNNF0,15860.322
20161202,ID000CFNT76,82007.36
20161202,ID000CFSQF8,37446.69
20161202,ID000CFWBZ4,73380.734
20161202,ID000CFZ290,232817.88
20161202,ID000CG34R9,5450.037
20161202,ID000CG75Y4,60304.52
20161202,ID000CGDKG4,1432244.2
20161202,ID000CGHDR4,2089.9163
20161202,ID000CGJS99,103293.125
20161202,ID000CGQ2R8,5057.325
20161202,ID000CGWPH1,11921601.0
20161202,ID000CGY5S1,2807.9146
20161202,ID000CH5351,1218.6168
20161202,ID000CHBKS1,10040.939
20161202,ID000CHD325,492359.7
20161202,ID000CHF9Y5,5787.6733
20161202,ID000CHGNC7,380.13074
20161202,ID000CHHZZ4,1530.8468
20161202,ID000CHJ249,20696.557
20161202,ID000CHJ9N3,739.41626
20161202,ID000CHPT43,175164.42
20161202,ID000CHR669,13969.919
20161202,ID000CHRCT1,34993.383
20161202,ID000CHSFX8,287522.72
20161202,ID000CHSM72,0.0
20161202,ID000CHV3R8,1218.7462
20161202,ID000CHWG16,2272000.2
20161202,ID000CHXWL8,1120058.6
20161202,ID000CHZ820,0.0
20161202,ID000CJ0SQ4,0.0
20161202,ID000CJBFY1,4544.3066
20161202,ID000CJBVQ5,20021.164
20161202,ID000CJGS32,341.496
20161202,ID000CJJ6Q2,56415.906
20161202,ID000CJKK43,65553.99
20161202,ID000CJR0R5,32955.43
20161202,ID000CJR3H0,0.0
20161202,ID000CJS8Z8,7645.5596
20161202,ID000CJS922,0.0
20161202,ID000CJSPY1,250068.08
20161202,ID000CJW758,0.0
20161202,ID000CJW829,1977146.4
20161202,ID000CJW9F3,13518.719
20161202,ID000CJYSX9,0.0
20161202,ID000CJZ6D8,0.0
20161202,ID000CK1RN5,207310.89
20161202,ID000CK1Y41,0.0
20161202,ID000CK4S96,2468972.5
20161202,ID000CKB6N0,0.0
20161202,ID000CKDZV5,3362115.8
20161202,ID000CKGF55,0.0
20161202,ID000CKLPY5,2878.0698
20161202,ID000CKP7N3,419.9899
20161202,ID000CKP897,0.0
20161202,ID000CKPL89,0.0
20161202,ID000CKQV77,61490.89
20161202,ID000CKS297,18571.627
20161202,ID000CKS304,0.0
20161202,ID000CKS6S7,58840.76
20161202,ID000CKVXR5,0.0
20161202,ID000CKVZR0,0.0
20161202,ID000CKYDB3,31971750.0
20161202,ID000CKYLJ7,961.22107
20161202,ID000CKYQ24,24356.418
20161202,ID000CL16B2,0.0
20161202,ID000CL18R1,0.0
20161202,ID000CL1BH5,344.9209
20161202,ID000CL1DY2,0.0
20161202,ID000CL4184,917653.1
20161202,ID000CL4861,10180.835
20161202,ID000CL4B82,2396.897
20161202,ID000CLDF56,220359.66
20161202,ID000CLKSN0,925999.06
20161202,ID000CLKVQ0,34883844.0
20161202,ID000CLNMS5,98597.18
20161202,ID000CLNV05,14330.278
20161202,ID000CLQ723,7488.935
20161202,ID000CLRGK2,276448.28
20161202,ID000CLRLD9,54932.125
20161202,ID000CLT294,1020728.94
20161202,ID000CM12F5,201575.72
20161202,ID000CM1443,34536856.0
20161202,ID000CM4342,683419.8
20161202,ID000CM6G96,2327.5754
20161202,ID000CM6HR4,392540.7
20161202,ID000CM84R1,93286.1
20161202,ID000CM87F7,95864.45
20161202,ID000CM9R71,30344.227
20161202,ID000CMD8J5,63663.027
20161202,ID000CMFVG5,20903.375
20161202,ID000CMKZ52,775581.4
20161202,ID000CMQ669,195622.6
20161202,ID000CMY116,43233376.0
20161202,ID000CN15T1,9454.479
20161202,ID000CN1824,643701.4
20161202,ID000CN2GK5,10953.704
20161202,ID000CN2JS1,2888728.2
20161202,ID000CN6K31,1860.2916
20161202,ID000CNBSD7,121645.34
20161202,ID000CNMB06,1092.3934
20161202,ID000CNV8Z5,6484727.5
20161202,ID000CP3N51,767176.75
20161202,ID000CP4TC9,2570.3926
20161202,ID000CP91H0,6972.4785
20161202,ID000CPBD63,388379900.0
20161202,ID000CPGPH9,42006770.0
20161202,ID000CPTQL8,1161469.9
20161202,ID000CPYX73,31691772.0
20161202,ID000CQ2WZ7,101043.5
20161202,ID000CQ3BR1,159179.05
20161202,ID000CQ4J39,20784.0
20161202,ID000CQ4LZ9,130832.79
20161202,ID000CQ5WS2,0.0
20161202,ID000CQ77H7,67635.83
20161202,ID000CQ79S1,0.0
20161202,ID000CQ8JK6,181946.6
20161202,ID000CQ8V92,23790.527
20161202,ID000CQCPJ9,2445.7217
20161202,ID000CQN832,20514.426
20161202,ID000CQPKC3,1715806.2
20161202,ID000CQR5S7,31150.666
20161202,ID000CR3CG9,617566.3
20161202,ID000CR7GH5,9031207.0
20161202,ID000CRJ0W0,0.0
20161202,ID000CRQVF3,3357487.2
20161202,ID000CRQZQ2,0.0
20161202,ID000CRW554,24057.182
20161202,ID000CS49H2,4783145.0
20161202,ID000CS4KT4,2455.2844
20161202,ID000CS5P76,75911.79
20161202,ID000CS8R51,40039.508
20161202,ID000CS8T48,0.0
20161202,ID000CS9WH6,6366843.0
20161202,ID000CSB2G0,4591.808
20161202,ID000CSGB11,227282.9
20161202,ID000CSHJ86,44103896.0
20161202,ID000CSHL18,118583670.0
20161202,ID000CSJSV8,311.15
20161202,ID000CSRRF9,0.0
20161202,ID000CSVJQ0,0.0
20161202,ID000CT1787,1101.9817
20161202,ID000CT2PT3,0.0
20161202,ID000CT4347,412081.16
20161202,ID000CT58H1,51497.926
20161202,ID000CT5G92,172010960.0
20161202,ID000CTDFY7,0.0
20161202,ID000CTGXN7,476779.1
20161202,ID000CTKSS8,5142.0596
20161202,ID000CTMKK1,1301744.2
20161202,ID000CTSW29,5907.11
20161202,ID000CTT0J0,9474292.0
20161202,ID000CTVFC1,10644.952
20161202,ID000CTVGZ4,0.0
20161202,ID000CTZKV5,0.0
20161202,ID000CV3QR7,60339.07
20161202,ID000CV5CS5,19460.865
20161202,ID000CV6HJ3,3813.37
20161202,ID000CV6LW9,658.476
20161202,ID000CV6V93,1267510.0
20161202,ID000CV80S8,4203.5273
20161202,ID000CV87X7,0.0
20161202,ID000CV9H28,76693.98
20161202,ID000CV9KX7,538.9846
20161202,ID000CV9M72,0.0
20161202,ID000CV9MB7,41858.04
20161202,ID000CVBQJ7,37820.266
20161202,ID000CVBSG6,0.0
20161202,ID000CVBVR7,46250.316
20161202,ID000CVBWZ6,431.88455
20161202,ID000CVBZL4,108768.52
20161202,ID000CVD2Q0,349.92664
20161202,ID000CVD5H3,84700.82
20161202,ID000CVD869,3.5211222
20161202,ID000CVFKD2,6968.4756
20161202,ID000CVFN82,16510.66
20161202,ID000CVFS27,546.74414
20161202,ID000CVH4N5,0.0
20161202,ID000CVJD44,53330.566
20161202,ID000CVJGX5,410032.6
20161202,ID000CVJKH4,22018.89
20161202,ID000CVJN24,1050.6266
20161202,ID000CVKR78,257057.38
20161202,ID000CVKRD1,168320.4
20161202,ID000CVKTT0,2511642.0
20161202,ID000CVKTV7,784.9419
20161202,ID000CVKW22,297590.53
20161202,ID000CVSV53,12840172.0
20161202,ID000CW54C8,5887.2373
20161202,ID000CW7YC0,41026.83
20161202,ID000CWDCF8,54383840.0
20161202,ID000CWMDK0,1153020.2
20161202,ID000CX50X1,0.0
20161202,ID000CX53M7,0.0
20161202,ID000CX7XG6,370622.72
20161202,ID000CX8086,2073612.1
20161202,ID000CXFGV7,59643.766
20161202,ID000CXQSK1,124791.48
20161202,ID000CXXL19,6787.2085
20161202,ID000CY05D5,0.0
20161202,ID000CY32M9,563.6652
20161202,ID000CY5X49,5031.047
20161202,ID000CY65T2,501.42386
20161202,ID000CYCVL6,0.0
20161202,ID000CYGG80,11494.652
20161202,ID000CYLZR1,5295.838
20161202,ID000CYNCM5,0.0
20161202,ID000CYR5S0,16928468.0
20161202,ID000CYR6T7,2244.233
20161202,ID000CYWGM6,5949.1577
20161202,ID000CYXPX3,2304994.0
20161202,ID000CZ4KH1,0.0
20161202,ID000CZLG90,0.0
20161202,ID000CZMZR7,0.0
20161202,ID000CZP6G0,1504646.1
20161202,ID000CZQHS2,8097.5444
20161202,ID000CZQN45,19996.55
20161202,ID000CZQRQ2,21185.84
20161202,ID000CZS007,12139.993
20161202,ID000CZTKF6,1544513.8
20161202,ID000CZVPT7,58734.043
20161202,ID000CZVVN0,387365.9
20161202,ID000CZWZ41,46353.09
20161202,ID000CZZR55,0.0
20161202,ID000D03WR1,51299344.0
20161202,ID000D083L6,837.08673
20161202,ID000D0MBV1,16924728.0
20161202,ID000D0R629,2502253.2
20161202,ID000D10SF4,0.0
20161202,ID000D13GQ5,0.0
20161202,ID000D16BC8,3910239.2
20161202,ID000D16BS1,149207.97
20161202,ID000D17QC4,1244172.6
20161202,ID000D17SD9,27621.004
20161202,ID000D17VB4,126206.83
20161202,ID000D17W68,3036.1802
20161202,ID000D17XK0,0.0
20161202,ID000D17YD6,135684.52
20161202,ID000D17ZC4,412974.38
20161202,ID000D19547,7578602.0
20161202,ID000D1B982,10493665.0
20161202,ID000D1D070,1867408.8
20161202,ID000D1F7R1,4845136.0
20161202,ID000D1FBY4,1033587.56
20161202,ID000D1FGT9,9788778.0
20161202,ID000D1FGW5,8566.8
20161202,ID000D1Q0K1,41379.492
20161202,ID000D229N3,13448.096
20161202,ID000D22CS1,260618.94
20161202,ID000D22HK8,152460.97
20161202,ID000D22J79,18455.213
20161202,ID000D22LK9,4020.0308
20161202,ID000D22M36,275518.72
20161202,ID000D287W1,31311.363
20161202,ID000D2BV81,221971.23
20161202,ID000D2GWM8,440401.88
20161202,ID000D2GX28,1152.8052
20161202,ID000D2PYX2,5703283.0
20161202,ID000D2T0Q0,671589.75
20161202,ID000D2YF63,892666.25
20161202,ID000D32J59,0.0
20161202,ID000D32Q35,15283333.0
20161202,ID000D35PX1,1842.1398
20161202,ID000D38HW7,61757.96
20161202,ID000D3CF29,3.3251002
20161202,ID000D3JMK7,226850.08
20161202,ID000D3JXN0,77638.85
20161202,ID000D3K0Q7,33958.99
20161202,ID000D3M8Q8,1012274.3
20161202,ID000D3MH51,57200.023
20161202,ID000D3MPY1,1720536.2
20161202,ID000D3Q198,343655.47
20161202,ID000D3Q9X4,1463.2706
20161202,ID000D3QDZ3,19121.895
20161202,ID000D3T3Q2,104712.73
20161202,ID000D3T7G4,42935.094
20161202,ID000D42LD3,6209587.5
20161202,ID000D4J1K1,3681.3774
20161202,ID000D4W4D8,1166134.4
20161202,ID000D4WJF3,170898.8
20161202,ID000D4WJQ1,1714240.6
20161202,ID000D4Z9L5,736310.94
20161202,ID000D523W9,105507.97
20161202,ID000D526M3,1022838.75
20161202,ID000D54GG6,158029.88
20161202,ID000D54H83,1671550.9
20161202,ID000D54HT0,7649000.0
20161202,ID000D54V46,37933.848
20161202,ID000D54YD0,9172.06
20161202,ID000D5BJ54,96.63474
20161202,ID000D5YQT7,0.0
20161202,ID000D60821,0.0
20161202,ID000D717K0,1.58904
20161202,ID000D73T93,18322.41
20161202,ID000D74120,200.98386
20161202,ID000D744Z8,29479.45
20161202,ID000D749D1,2026096.1
20161202,ID000D76JQ3,2961.0
20161202,ID000D7DPQ1,11826.08
20161202,ID000D7H0D6,1059.3601
20161202,ID000D7NWZ5,2501873.8
20161202,ID000D7RD74,131544.38
20161202,ID000D7VQ89,13871.183
20161202,ID000D80VB6,4637.5605
20161202,ID000D83TX4,182054.25
20161202,ID000D83XQ3,183550.4
20161202,ID000D86HW8,0.0
20161202,ID000D86LS4,0.0
20161202,ID000D87ZP5,2717735.5
20161202,ID000D8JLD6,47892.4
20161202,ID000D8KQ89,3870092.8
20161202,ID000D8VDZ6,68448.8
20161202,ID000D8VJJ1,1334782.2
20161202,ID000D8Y045,327888.72
20161202,ID000D9L3W0,16221632.0
20161202,ID000D9RGG3,575265.8
20161202,ID000D9RXN8,85668.23
20161202,ID000D9T3K5,1441451.2
20161202,ID000D9V6Q9,16116.309
20161202,ID000D9VB60,16699.164
20161202,ID000D9VDS2,126944.78
20161202,ID000D9VHX7,152124.27
20161202,ID000D9VMF6,7857.304
20161202,ID000D9XXB4,11566.579
20161202,ID000D9Y1J5,95205190.0
20161202,ID000D9Y2Z5,0.0
20161202,ID000D9Y622,132938.98
20161202,ID000D9Y980,1132118.2
20161202,ID000D9YBP6,792173.75
20161202,ID000D9YCQ3,19242.965
20161202,ID000DB0Q75,42765724.0
20161202,ID000DB0XH9,17234.19
20161202,ID000DB10C5,10944.534
20161202,ID000DB1561,0.0
20161202,ID000DB15J7,367669.62
20161202,ID000DB19K7,3319.3835
20161202,ID000DB3J41,1215834.1
20161202,ID000DB3L64,27494.787
20161202,ID000DB3MC5,106202.58
20161202,ID000DB3N15,71558.97
20161202,ID000DB7WK0,6900.4185
20161202,ID000DBBN43,33543.977
20161202,ID000DBD4W2,8912462.0
20161202,ID000DBNN31,7140788.5
20161202,ID000DBNPY2,1266091.2
20161202,ID000DBR1R9,3310.069
20161202,ID000DC0KZ5,0.0
20161202,ID000DC36P4,131219.06
20161202,ID000DC3MC3,33687.836
20161202,ID000DC5XW5,763171.0
20161202,ID000DC6GY9,373819.8
20161202,ID000DC6H04,1789.5162
20161202,ID000DC8VT0,194496.77
20161202,ID000DC9017,154053.44
20161202,ID000DC99M5,294404.75
20161202,ID000DCGWH2,19905.889
20161202,ID000DCK5M0,374832.9
20161202,ID000DCK8W3,52958960.0
20161202,ID000DCKDX1,239638.5
20161202,ID000DCKGH2,4802.0
20161202,ID000DCN1L7,97618.65
20161202,ID000DCNJ65,13967.07
20161202,ID000DCNJC8,1000947.9
20161202,ID000DCQRC7,1685757.9
20161202,ID000DCQSM4,395.008
20161202,ID000DCR197,0.0
20161202,ID000DCR589,0.0
20161202,ID000DCRCP5,0.0
20161202,ID000DCV1L8,0.0
20161202,ID000DCW976,0.0
20161202,ID000DD30C9,176997.88
20161202,ID000DD3GQ9,26704032.0
20161202,ID000DD3KV4,322380.6
20161202,ID000DD5RF5,22143.424
20161202,ID000DD5WS0,11467860.0
20161202,ID000DD6D01,4962.648
20161202,ID000DD8S33,804.8362
20161202,ID000DDCSK9,24355.934
20161202,ID000DDXHG5,13177246.0
20161202,ID000DDXXZ9,24737.361
20161202,ID000DDY0Z0,144203.23
20161202,ID000DF0901,236178.3
20161202,ID000DF0C22,3106827.0
20161202,ID000DF6DD2,598.12
20161202,ID000DFCX78,7179756.0
20161202,ID000DFMR98,740.07336
20161202,ID000DFN4R8,0.0
20161202,ID000DFQP61,0.0
20161202,ID000DGFDJ4,1249763.0
20161202,ID000DGFHZ7,4906.056
20161202,ID000DGPW47,928193.3
20161202,ID000DGWJD8,173347.67
20161202,ID000DH52H9,0.0
20161202,ID000DHBWN9,744.8617
20161202,ID000DHJ4M4,1301232.1
20161202,ID000DHLZH8,0.0
20161202,ID000DHXQT2,49427788.0
20161202,ID000DJ1NW6,147853.53
20161202,ID000DJ1YL4,22992.47
20161202,ID000DJ1YN2,81843.836
20161202,ID000DJ3214,12457.039
20161202,ID000DJ34H3,240382.1
20161202,ID000DJ4P85,8882.945
20161202,ID000DJB1N3,550985.56
20161202,ID000DJDXT5,1178.72
20161202,ID000DJKFL4,22466.012
20161202,ID000DJLQX6,40957.32
20161202,ID000DJLRW5,26838.027
20161202,ID000DJTSG3,5280.3887
20161202,ID000DK3051,486693.34
20161202,ID000DK33D6,34477.586
20161202,ID000DK33Q2,8199.181
20161202,ID000DK4B65,3385.2625
20161202,ID000DK5W04,0.0
20161202,ID000DK6ZJ6,0.0
20161202,ID000DK8D49,8487.217
20161202,ID000DK8N56,46830.77
20161202,ID000DK8P88,1496.535
20161202,ID000DKLF21,5809.8086
20161202,ID000DKY7X1,198577.64
20161202,ID000DL11S4,799.6619
20161202,ID000DL2M25,2093492.8
20161202,ID000DL9LK0,378316.34
20161202,ID000DLMDZ7,3977.8618
20161202,ID000DLQDF5,1576911.8
20161202,ID000DLRM82,161928.97
20161202,ID000DLT532,0.0
20161202,ID000DLTBM8,19037.52
20161202,ID000DLVF73,1631056.6
20161202,ID000DLWT81,116758.3
20161202,ID000DM2M32,116425620.0
20161202,ID000DM53M0,74.0652
20161202,ID000DM6PM0,131603360.0
20161202,ID000DMC5L8,16046.42
20161202,ID000DMFGV0,137424.25
20161202,ID000DMFL49,0.0
20161202,ID000DMFMD7,9428593.0
20161202,ID000DMJHD4,70007.97
20161202,ID000DMMJ37,9423.338
20161202,ID000DMQ5P9,14570.137
20161202,ID000DMWXM4,1421759.1
20161202,ID000DMZP39,3639.5388
20161202,ID000DMZS88,5720245.5
20161202,ID000DN1YT7,286.5485
20161202,ID000DN20N6,81475.09
20161202,ID000DN2FS8,15404.624
20161202,ID000DN2JN5,6206.1724
20161202,ID000DN4RP3,18232.88
20161202,ID000DN4SB6,633.7587
20161202,ID000DN4WF3,105915.43
20161202,ID000DN4Z11,80108.76
20161202,ID000DN7J14,74189.11
20161202,ID000DNBJ00,45362.44
20161202,ID000DNLP41,62351.75
20161202,ID000DNP505,2907323.8
20161202,ID000DNS236,0.0
20161202,ID000DNS557,114586.4
20161202,ID000DNS7N3,110026.99
20161202,ID000DNWPV9,266807.78
20161202,ID000DP3ZZ0,0.0
20161202,ID000DP4282,33131.645
20161202,ID000DP62J8,592.7121
20161202,ID000DP6912,0.0
20161202,ID000DP6FG2,0.0
20161202,ID000DP9KW0,12724.347
20161202,ID000DPCHY1,0.0
20161202,ID000DPCKS1,0.0
20161202,ID000DPM8Q9,6174211.5
20161202,ID000DPRMM7,285875.9
20161202,ID000DPSR54,7027405.5
20161202,ID000DPSTH7,13784.4
20161202,ID000DPT203,75256.81
20161202,ID000DPT3G4,75810.0
20161202,ID000DPT7D8,71093.25
20161202,ID000DPTF40,1169052.9
20161202,ID000DPVY37,28.5093
20161202,ID000DPXLB4,1868464.1
20161202,ID000DPY396,71190.08
20161202,ID000DPZNK8,1082483.4
20161202,ID000DPZVV8,20197.875
20161202,ID000DQ3HP9,0.0
20161202,ID000DQ5FB6,266032.25
20161202,ID000DQ77T3,19507440.0
20161202,ID000DQ7TG9,2824823.0
20161202,ID000DQ9N61,0.0
20161202,ID000DQCHX0,10925.088
20161202,ID000DQLT55,0.0
20161202,ID000DQSH27,81352060.0
20161202,ID000DQSMW3,152585.16
20161202,ID000DQVD77,13202.495
20161202,ID000DQWVG6,2534580.0
20161202,ID000DQX1C5,98692.85
20161202,ID000DQX5F3,1426748.2
20161202,ID000DQYZF6,0.0
20161202,ID000DR2JV7,234.84375
20161202,ID000DRFSF1,16090.164
20161202,ID000DRJN68,57120.613
20161202,ID000DRJPP2,13313.385
20161202,ID000DRKY35,7398.6597
20161202,ID000DRM8L0,33247.027
20161202,ID000DRMCC1,853272.75
20161202,ID000DRQ7C8,1821.4683
20161202,ID000DRQ961,3899012.0
20161202,ID000DRT2F3,2350.0032
20161202,ID000DS2KQ8,0.0
20161202,ID000DSFWB4,3960980.0
20161202,ID000DSJP25,20016.361
20161202,ID000DSJW48,801886.06
20161202,ID000DSMCL9,1629661.5
20161202,ID000DSMFG8,12968.356
20161202,ID000DSMJ34,21398.285
20161202,ID000DSYC54,272060.25
20161202,ID000DSZP63,7495.296
20161202,ID000DSZQ43,89154.97
20161202,ID000DSZYY3,188.76
20161202,ID000DT02W1,11948.27
20161202,ID000DT2N99,1019076.8
20161202,ID000DT6QX1,310109.94
20161202,ID000DTG3Q9,12370.166
20161202,ID000DTMGS1,82181.086
20161202,ID000DTQ4H6,0.0
20161202,ID000DTQ6W4,1380.7035
20161202,ID000DTQG52,0.0
20161202,ID000DTWDL4,0.0
20161202,ID000DTZ4J4,0.0
20161202,ID000DTZC97,0.0
20161202,ID000DTZPY0,0.0
20161202,ID000DV4TM4,0.0
20161202,ID000DVB6K8,1295488.6
20161202,ID000DVBP35,236.86139
20161202,ID000DVJ5K2,71892580.0
20161202,ID000DVLJQ3,9191.862
20161202,ID000DVLMB2,106915.18
20161202,ID000DVXFT5,101110.4
20161202,ID000DW1KC5,18199.232
20161202,ID000DW2ZW9,1868.8971
20161202,ID000DW75D1,40820596.0
20161202,ID000DW9ZW2,418.2319
20161202,ID000DWB4H5,188395.02
20161202,ID000DWL5N4,9723099.0
20161202,ID000DWLKC3,21873.78
20161202,ID000DWQK10,198896.89
20161202,ID000DWRT01,0.0
20161202,ID000DWVTX0,864.8921
20161202,ID000DWYBV8,527.95
20161202,ID000DX14M8,6469243.0
20161202,ID000DX3W62,0.0
20161202,ID000DX6YZ3,59159.12
20161202,ID000DXBY50,0.0
20161202,ID000DXD4P2,391436.8
20161202,ID000DXGWY7,1665990.1
20161202,ID000DXH432,49322756.0
20161202,ID000DXL0F2,1821539.0
20161202,ID000DXM8V6,10145.193
20161202,ID000DXV6Z6,1131230.1
20161202,ID000DXVC01,0.0
20161202,ID000DXWNN1,8075.6807
20161202,ID000DY0NL6,128415.28
20161202,ID000DY8XZ1,23520.0
20161202,ID000DYF655,23241604.0
20161202,ID000DYGRS3,11026.2
20161202,ID000DYK971,90586.016
20161202,ID000DYQRC9,0.0
20161202,ID000DYS8G5,20488.916
20161202,ID000DYX8X0,0.0
20161202,ID000DZ5L87,10842392.0
20161202,ID000DZ5TD4,336147.5
20161202,ID000DZDSM7,341410.75
20161202,ID000DZFX80,114847.22
20161202,ID000DZG349,148280500.0
20161202,ID000DZG5H0,168670.19
20161202,ID000DZGF24,853217.3
20161202,ID000F05WB4,72377.305
20161202,ID000F08XS1,15762535.0
20161202,ID000F09217,13092583.0
20161202,ID000F0CRR0,3980349.8
20161202,ID000F0GLQ0,95404.09
20161202,ID000F0QP26,4635.6025
20161202,ID000F0TFR8,25293.408
20161202,ID000F0TLL1,8109005.0
20161202,ID000F11M64,0.0
20161202,ID000F12VH1,35100.254
20161202,ID000F134R9,9139.315
20161202,ID000F18L87,160.96724
20161202,ID000F18RP5,6484.1943
20161202,ID000F1CBC9,1983.2969
20161202,ID000F1DN05,0.0
20161202,ID000F1H7S6,0.0
20161202,ID000F1HBR8,17541800.0
20161202,ID000F1JXC4,69548.79
20161202,ID000F1M7P3,201664.55
20161202,ID000F1QG33,53418.582
20161202,ID000F1RNQ2,0.0
20161202,ID000F1SW54,0.0
20161202,ID000F1VFJ2,75445.92
20161202,ID000F1WW59,83521.54
20161202,ID000F1ZCZ7,2337.6255
20161202,ID000F22C63,33452.676
20161202,ID000F23MB4,130846.05
20161202,ID000F257H9,161771.8
20161202,ID000F26HL1,0.0
20161202,ID000F2HXZ9,90616.89
20161202,ID000F2ZCB1,0.0
20161202,ID000F3J121,3229.6143
20161202,ID000F3J3V5,30304.848
20161202,ID000F3LRQ5,886580.06
20161202,ID000F3XLP6,112953.13
20161202,ID000F45Y40,14967270.0
20161202,ID000F49Z16,56876.062
20161202,ID000F4B403,1751981.0
20161202,ID000F4F132,37472.637
20161202,ID000F4F5S6,4254.595
20161202,ID000F4GDJ8,117427.8
20161202,ID000F4HRQ8,4987729.5
20161202,ID000F4LHP6,9877384.0
20161202,ID000F4LQL0,2968.5059
20161202,ID000F4YKT1,3846.7788
20161202,ID000F502G9,13276.587
20161202,ID000F5DLL7,1165.3125
20161202,ID000F5DZF3,56343.004
20161202,ID000F5L3Q3,6798461.0
20161202,ID000F5LR80,25171.754
20161202,ID000F5P2F3,4350319.0
20161202,ID000F5VL91,0.0
20161202,ID000F5W292,221849.72
20161202,ID000F5Y7N3,33062.883
20161202,ID000F644N1,252333.73
20161202,ID000F69RJ0,51536.766
20161202,ID000F6DFY4,5543.764
20161202,ID000F6VPD5,766.38873
20161202,ID000F6YSV6,1631235.4
20161202,ID000F796Y7,56568.926
20161202,ID000F79RP1,2290558.0
20161202,ID000F7DHX9,6468.2617
20161202,ID000F7H7Z5,609473.06
20161202,ID000F7KW95,20025534.0
20161202,ID000F7XTG0,150479.17
20161202,ID000F7Y7D0,21361.734
20161202,ID000F88RM3,7257.708
20161202,ID000F8N081,2097.948
20161202,ID000F8N358,240117.86
20161202,ID000F8QZN4,83069.99
20161202,ID000F8R1W8,184456.66
20161202,ID000F8TS57,174923.81
20161202,ID000F8TYC6,147917820.0
20161202,ID000F8Z6P6,16509029.0
20161202,ID000F90L24,2968365.0
20161202,ID000F93K14,15884133.0
20161202,ID000F9D366,4334.301
20161202,ID000F9GD89,20320.055
20161202,ID000F9NFR5,5902.2896
20161202,ID000F9PSS4,115435.48
20161202,ID000F9SMB2,41931.918
20161202,ID000FBCBB8,2158749.8
20161202,ID000FBCLZ0,37526260.0
20161202,ID000FBG126,221258.48
20161202,ID000FBG2N1,0.0
20161202,ID000FBKHG1,1241772.4
20161202,ID000FBNFK7,1229592.6
20161202,ID000FBNLN1,57759756.0
20161202,ID000FC42Q9,0.0
20161202,ID000FC4LW0,0.0
20161202,ID000FC6S08,7380188.0
20161202,ID000FC9ZG2,779418.1
20161202,ID000FCF2R6,4373701.0
20161202,ID000FCF7D0,842789.25
20161202,ID000FCM1N4,2192002.0
20161202,ID000FCPP30,81547.97
20161202,ID000FCSLZ1,12416.757
20161202,ID000FD10Q4,0.0
20161202,ID000FD8FS2,4449825.5
20161202,ID000FDL8Z5,803935.6
20161202,ID000FDS9Q6,154484.6
20161202,ID000FF0L93,302712.97
20161202,ID000FF3942,0.0
20161202,ID000FF3QZ0,1619211.0
20161202,ID000FFHFW2,0.0
20161202,ID000FFQL68,335.98062
20161202,ID000FFRVR2,0.0
20161202,ID000FG1LV5,13778918.0
20161202,ID000FG1P28,9715.717
20161202,ID000FG4J38,0.0
20161202,ID000FGJB93,72.16879
20161202,ID000FGQF96,122757.78
20161202,ID000FGT5D0,12288.493
20161202,ID000FGT7P3,7105.3916
20161202,ID000FGTH26,0.0
20161202,ID000FH1BB7,56901.0
20161202,ID000FH5W54,2448421.8
20161202,ID000FHLJD6,40302030.0
20161202,ID000FHTNS3,3128995.0
20161202,ID000FHZ630,72061690.0
20161202,ID000FHZBB0,7751821.5
20161202,ID000FJ0XR9,4855.356
20161202,ID000FJ22G7,0.0
20161202,ID000FJ81M6,1103.8
20161202,ID000FJ9GW1,7421.645
20161202,ID000FJDQ27,856.59656
20161202,ID000FJH6R0,10044419.0
20161202,ID000FJTN81,175492.11
20161202,ID000FJZH05,3917.8765
20161202,ID000FK7XP1,40080.6
20161202,ID000FK9GF7,0.0
20161202,ID000FKHF33,816.3144
20161202,ID000FKHH11,4727.7104
20161202,ID000FKK0Y8,21004.111
20161202,ID000FKL5H5,62338.473
20161202,ID000FKMHQ8,1159.6039
20161202,ID000FKS1X9,25939.615
20161202,ID000FKT541,25401.766
20161202,ID000FKTB75,294957.22
20161202,ID000FKTCZ2,1433.1436
20161202,ID000FKTDZ0,5160.9463
20161202,ID000FKW1F4,174305.3
20161202,ID000FL3C06,67067.26
20161202,ID000FL7KN9,778656.0
20161202,ID000FLF4C8,93684.85
20161202,ID000FLGTQ7,75641.74
20161202,ID000FLSLY2,370.3024
20161202,ID000FLYF23,99386.51
20161202,ID000FLYH74,8740.2295
20161202,ID000FM6VK7,9757.242
20161202,ID000FM9NR5,204708.86
20161202,ID000FMC9Z3,0.0
20161202,ID000FMDJQ0,1870.7969
20161202,ID000FMPVW3,6215855.0
20161202,ID000FMWBL1,59022.88
20161202,ID000FNBYB3,4251970.5
20161202,ID000FNNYL9,58960836.0
20161202,ID000FNTK33,0.0
20161202,ID000FNVNW2,0.0
20161202,ID000FNX407,52718.652
20161202,ID000FP7811,120625.78
20161202,ID000FPCDG8,13379.739
20161202,ID000FPCL25,14330.293
20161202,ID000FPCPX2,0.0
20161202,ID000FPDYN3,591.57
20161202,ID000FPF0T9,0.0
20161202,ID000FPNC05,34921.125
20161202,ID000FQ0WW9,5096.5527
20161202,ID000FQ6TJ5,5841.1777
20161202,ID000FQDH85,41512.28
20161202,ID000FQH391,500034.28
20161202,ID000FQH765,5511.9873
20161202,ID000FQKZ05,5252.2207
20161202,ID000FQLJN5,216991.03
20161202,ID000FQNSC5,1037204.75
20161202,ID000FQNV10,0.0
20161202,ID000FQNX98,347310.2
20161202,ID000FQP3W6,2522.623
20161202,ID000FQP7Q4,2577776.0
20161202,ID000FQS3G1,11548882.0
20161202,ID000FR0C15,1940.5887
20161202,ID000FR0HC2,12468.881
20161202,ID000FR1Q22,114061670.0
20161202,ID000FRL1J7,624376.8
20161202,ID000FRWTT3,330862.12
20161202,ID000FRYGN5,17193.328
20161202,ID000FS2LX6,268814.66
20161202,ID000FSGGV4,10.642022
20161202,ID000FSQTK7,52084.66
20161202,ID000FSSL68,16381.409
20161202,ID000FT6KP1,61719.754
20161202,ID000FT9S80,5451619.0
20161202,ID000FTHJW4,6689989.5
20161202,ID000FTHM66,17729.543
20161202,ID000FTPDC0,1691.0171
20161202,ID000FTTNF1,151276.61
20161202,ID000FV67D8,97966100.0
20161202,ID000FV7N06,14875.613
20161202,ID000FVBS82,5077.315
20161202,ID000FVFS15,68486.734
20161202,ID000FVJP71,0.0
20161202,ID000FVNWB6,0.0
20161202,ID000FVQM61,456659.84
20161202,ID000FVRTJ1,235024980.0
20161202,ID000FVT618,15337.399
20161202,ID000FVVP77,22012.307
20161202,ID000FVVP86,86517.586
20161202,ID000FVZXJ3,79756.5
20161202,ID000FW09K0,484.56873
20161202,ID000FWKQW7,0.0
20161202,ID000FWY148,1018.64874
20161202,ID000FWY4W1,158908.11
20161202,ID000FX2H28,3526632.2
20161202,ID000FX9Q85,0.0
20161202,ID000FXDQV4,0.0
20161202,ID000FXL2Q4,55276.406
20161202,ID000FY7D84,10057.761
20161202,ID000FYF662,1911257.6
20161202,ID000FYFC41,0.0
20161202,ID000FYX2H9,5949089.5
20161202,ID000FZ5W54,722667.9
20161202,ID000FZ8RC4,4527.8438
20161202,ID000FZG8V6,2893489.5
20161202,ID000FZGKX7,19639.643
20161202,ID000FZV3G7,17893.336
20161202,ID000FZV4R3,1170164.2
20161202,ID000G00T43,13725839.0
20161202,ID000G0B062,18822.568
20161202,ID000G0BBW9,0.0
20161202,ID000G156Y3,8222.103
20161202,ID000G15B63,2479.6313
20161202,ID000G16MW9,4264.442
20161202,ID000G17VZ5,13271.497
20161202,ID000G183C1,19033.582
20161202,ID000G1FJ38,930851.9
20161202,ID000G1L194,526610.0
20161202,ID000G1M5J3,1705239.9
20161202,ID000G1M914,11891.024
20161202,ID000G1ML17,16812.02
20161202,ID000G1NYC6,25731.998
20161202,ID000G1Q2B4,145721.42
20161202,ID000G1Q4Y5,166247.69
20161202,ID000G1Q5K7,29712.465
20161202,ID000G1Q9B9,0.0
20161202,ID000G1QDJ2,0.0
20161202,ID000G1RRB8,59288.77
20161202,ID000G1TDF3,5441.219
20161202,ID000G1VP90,23850260.0
20161202,ID000G1VQF1,22885740.0
20161202,ID000G1WYB7,1020973.9
20161202,ID000G21FW7,68031.8
20161202,ID000G236J0,574.7821
20161202,ID000G28XB4,0.0
20161202,ID000G38B75,33573.375
20161202,ID000G39QV4,1335.8519
20161202,ID000G3C1N4,90140.38
20161202,ID000G3DNR1,5502.157
20161202,ID000G3DRX5,76815.01
20161202,ID000G3HG65,0.0
20161202,ID000G3HJ87,0.0
20161202,ID000G3JZ16,147833.17
20161202,ID000G3YZ82,42887.883
20161202,ID000G40896,140.33556
20161202,ID000G40D68,0.0
20161202,ID000G41WP4,0.0
20161202,ID000G49218,212.04001
20161202,ID000G4CYQ7,4857.3755
20161202,ID000G4KJC6,21343268.0
20161202,ID000G4LWB7,6182.0835
20161202,ID000G4NF68,10238.63
20161202,ID000G5G0P5,40.718372
20161202,ID000G5JYX9,24075.693
20161202,ID000G60M63,115742.16
20161202,ID000G61Q63,4859728.5
20161202,ID000G61XG7,13276.083
20161202,ID000G6J4S9,6076659.5
20161202,ID000G8KDR4,0.0
20161202,ID000G8KQB2,356297.7
20161202,ID000G9LML7,3441414.5
20161202,ID000G9S788,42995.668
20161202,ID000GB1ZP1,16279.769
20161202,ID000GB7900,10806128.0
20161202,ID000GBF3C1,218145.03
20161202,ID000GBZBB2,180263.25
20161202,ID000GC24Q6,371598.97
20161202,ID000GCGPD8,0.0
20161202,ID000GDNH91,2971.932
20161202,ID000GF2JL1,104680.86
20161202,ID000GFJMH1,4351.87
20161202,ID000GFKVT6,4752.1816
20161202,ID000GFPVK0,5361331.5
20161202,ID000GFQ3V9,58654.375
20161202,ID000GG2JJ2,108821.76
20161202,ID000GGNGK3,4708.36
20161202,ID000GGR4D4,929.8503
20161202,ID000GHDD83,22434.43
20161202,ID000GJCKV8,13111.896
20161202,ID000GJX4D1,356367.03
20161202,ID000GK3Z15,20113.887
20161202,ID000GKSG01,365489.25
20161202,ID000GKSLK8,32370.06
20161202,ID000GL1CN2,41228.188
20161202,ID000GL2XB8,6608.9424
20161202,ID000GL49Z3,14092.042
20161202,ID000GL7203,98.66503
20161202,ID000GLR2T0,6883.8784
20161202,ID000GLT0J3,1726527.4
20161202,ID000GLZWZ8,430977.78
20161202,ID000GM16L5,6077.799
20161202,ID000GM5FQ6,33257.85
20161202,ID000GM5V54,30900968.0
20161202,ID000GM72T0,1659.6995
20161202,ID000GM7648,243405.95
20161202,ID000GM9940,1020289.1
20161202,ID000GM9C07,23661958.0
20161202,ID000GMH941,0.0
20161202,ID000GMM400,57777.406
20161202,ID000GMM9B7,198550.9
20161202,ID000GMXR61,13217.015
20161202,ID000GN1DK9,10.50816
20161202,ID000GN2V64,79715.8
20161202,ID000GN4VX2,1995.84
20161202,ID000GN5BB9,0.0
20161202,ID000GNS1J8,0.0
20161202,ID000GP1HQ9,74197030.0
20161202,ID000GP1W95,9265.586
20161202,ID000GP7GZ5,13413.994
20161202,ID000GPCH05,30036.049
20161202,ID000GPF2F9,0.0
20161202,ID000GPF839,0.0
20161202,ID000GPGKW9,79.61289
20161202,ID000GPQCS1,8016839.0
20161202,ID000GPS8R9,862637.25
20161202,ID000GPZ864,4552159.0
20161202,ID000GPZ8S0,0.0
20161202,ID000GQ99M1,0.0
20161202,ID000GQH568,18066950.0
20161202,ID000GQHBZ3,1531.9138
20161202,ID000GQYB75,5627.007
20161202,ID000GR4356,1640698.6
20161202,ID000GR9XT9,6102799.5
20161202,ID000GRWLP3,6257.9727
20161202,ID000GSDST3,1990433.1
20161202,ID000GSJZ39,13623.551
20161202,ID000GSPBF2,62190.66
20161202,ID000GSTYN9,220732.94
20161202,ID000GSV0Q7,0.0
20161202,ID000GTD3N2,60877.992
20161202,ID000GTTHW4,8.070342
20161202,ID000GVFQP2,151143.7
20161202,ID000GVXBH4,19791930.0
20161202,ID000GW36J4,84651.17
20161202,ID000GW8K80,0.0
20161202,ID000GW9564,3246.5652
20161202,ID000GWB892,32458.484
20161202,ID000GWB9T8,64339.51
20161202,ID000GWCVP2,69448.26
20161202,ID000GWD0S6,166324.02
20161202,ID000GWD408,12775.615
20161202,ID000GWH0X6,264194.38
20161202,ID000GWNN96,0.0
20161202,ID000GWRDY6,171065.66
20161202,ID000GWRHQ6,10488.0
20161202,ID000GX1FS4,9172.042
20161202,ID000GX49S5,91947.29
20161202,ID000GX9WZ1,0.0
20161202,ID000GXB2H4,2432.4146
20161202,ID000GY0PR2,23014.154
20161202,ID000GY2219,8452.806
20161202,ID000GY27K7,14711.688
20161202,ID000GY3PS8,39464.66
20161202,ID000GY50P4,8509.281
20161202,ID000GY6V57,6927198.0
20161202,ID000GY9SJ6,40647.75
20161202,ID000GYG3F7,3198.8892
20161202,ID000GYHP85,956703.06
20161202,ID000GYZ0J8,504749.6
20161202,ID000GZ0GF2,4868636.0
20161202,ID000GZ0GN3,554270.5
20161202,ID000GZ1XZ2,232857.6
20161202,ID000GZ4TS6,39043.477
20161202,ID000GZMB69,4750.1865
20161202,ID000GZVQS2,18863.766
20161202,ID000H066N5,1491.685
20161202,ID000H0CZF3,22317.303
20161202,ID000H1GN37,56387.63
20161202,ID000H1JFW9,0.0
20161202,ID000H1RW80,426999.12
20161202,ID000H1YRQ3,0.0
20161202,ID000H21MJ6,17888.266
20161202,ID000H21RL2,15257.598
20161202,ID000H291V0,6578434.0
20161202,ID000H2BF55,32623862.0
20161202,ID000H2F6L3,7090.0415
20161202,ID000H2KQR7,18610522.0
20161202,ID000H2KRD0,22435.74
20161202,ID000H2PVN5,3463.8252
20161202,ID000H2RD53,11813.672
20161202,ID000H2VBN2,0.0
20161202,ID000H3GD08,21001.975
20161202,ID000H3QJ77,0.0
20161202,ID000H463Q1,51375.496
20161202,ID000H46FY5,96414.54
20161202,ID000H46L81,174416.89
20161202,ID000H49B53,6201.2295
20161202,ID000H4S5W5,21382558.0
20161202,ID000H50NB6,9100982.0
20161202,ID000H52BB0,3616.6423
20161202,ID000H54YZ2,32384.043
20161202,ID000H59FF0,74934.43
20161202,ID000H5MWF8,0.0
20161202,ID000H6CHP9,61271.91
20161202,ID000H6R123,26377.018
20161202,ID000H729M9,17722194.0
20161202,ID000H79SM0,437.6829
20161202,ID000H7G3V7,6373545.5
20161202,ID000H7K4W9,127197.23
20161202,ID000H7XNG1,8436.229
20161202,ID000H8FXT3,1501.33
20161202,ID000H8K527,18969.69
20161202,ID000H8LK50,7533.8726
20161202,ID000H90QG6,194984400.0
20161202,ID000H93SB4,3010.098
20161202,ID000H9JZZ5,376580.0
20161202,ID000H9N719,791217.5
20161202,ID000H9WC45,0.0
20161202,ID000HB0V89,191684.53
20161202,ID000HBBYC6,2.42352
20161202,ID000HBJTT1,13181.937
20161202,ID000HBMSL7,219220.27
20161202,ID000HBS7R1,1210886.5
20161202,ID000HC0NW8,17777.162
20161202,ID000HC1Y35,2668.7312
20161202,ID000HC4ZT1,0.0
20161202,ID000HCL2Z8,1777366.5
20161202,ID000HCMQJ2,0.0
20161202,ID000HCXPD8,154.93799
20161202,ID000HD1TF1,5676.349
20161202,ID000HD56M9,2047.48
20161202,ID000HD6BK9,11052.8
20161202,ID000HD6F93,4307.25
20161202,ID000HDBXP0,82006.0
20161202,ID000HDFQV4,11.311299
20161202,ID000HDS3L2,0.0
20161202,ID000HDTMS2,238374.02
20161202,ID000HF3Y54,3933946.2
20161202,ID000HFFY33,0.0
20161202,ID000HFPD29,8141306.0
20161202,ID000HFW4L0,0.0
20161202,ID000HFW5T9,31747.764
20161202,ID000HFW7F0,41815.535
20161202,ID000HG6B95,21107.06
20161202,ID000HGFQK9,35.75664
20161202,ID000HGJHL4,35168.113
20161202,ID000HGNWJ9,3994.513
20161202,ID000HGT4P8,6553.5586
20161202,ID000HGX7R4,745375.7
20161202,ID000HH0HR6,112916990.0
20161202,ID000HH1S28,88429.0
20161202,ID000HH3LW8,6785.2803
20161202,ID000HH9236,9881.439
20161202,ID000HHBQ85,158104.11
20161202,ID000HHBQD9,19319528.0
20161202,ID000HHD543,60801.586
20161202,ID000HHD650,37146.562
20161202,ID000HHH3S8,3735980.8
20161202,ID000HHP4W2,135421.89
20161202,ID000HHS5V7,48696.105
20161202,ID000HHS823,2842.7356
20161202,ID000HHVWR9,0.0
20161202,ID000HHVYZ6,0.0
20161202,ID000HJ1YM9,2052864.9
20161202,ID000HJ82X0,854912.2
20161202,ID000HJHCG7,9736.466
20161202,ID000HJMMM2,177137.77
20161202,ID000HJP9Q4,19554.85
20161202,ID000HJTKL0,136090340.0
20161202,ID000HJW9B2,22.29084
20161202,ID000HKMFG1,13244025.0
20161202,ID000HL0067,2789770.5
20161202,ID000HL1GD3,49669.594
20161202,ID000HL1KV4,37496.547
20161202,ID000HLFD90,4578565.5
20161202,ID000HLTCJ6,0.0
20161202,ID000HLYNS6,9082.5
20161202,ID000HM1L13,13489.759
20161202,ID000HM8Y45,27.4508
20161202,ID000HMFFC9,1241784.4
20161202,ID000HMKLY6,0.0
20161202,ID000HMKXS7,3772855.8
20161202,ID000HMP0G7,0.0
20161202,ID000HN25G9,66291.95
20161202,ID000HNFV23,184638.08
20161202,ID000HP8YT1,21159.416
20161202,ID000HPD2S6,77257.375
20161202,ID000HPT4W0,465.08188
20161202,ID000HPVHW8,444851.03
20161202,ID000HQ54K7,365704.12
20161202,ID000HQ97J8,0.0
20161202,ID000HQBD66,52245.312
20161202,ID000HQMK86,116.7
20161202,ID000HQT289,0.0
20161202,ID000HQT7K4,82858.945
20161202,ID000HQTBP0,45614.06
20161202,ID000HQXK39,0.0
20161202,ID000HR1NZ1,7433.712
20161202,ID000HR2W53,0.0
20161202,ID000HR36J4,5823.0103
20161202,ID000HR5P37,4542.4414
20161202,ID000HRCK21,174924.64
20161202,ID000HRGLS7,4522761.5
20161202,ID000HS11H7,23886.666
20161202,ID000HS6V59,28822.867
20161202,ID000HSSVH2,34773.21
20161202,ID000HST070,6066960.5
20161202,ID000HSWCR8,14475479.0
20161202,ID000HT2H25,4250023.5
20161202,ID000HT2VC3,2666317.0
20161202,ID000HTCRY7,0.0
20161202,ID000HTDW48,609.4775
20161202,ID000HTGRS0,50454.645
20161202,ID000HTK8X1,6829.1294
20161202,ID000HTNCP8,5518.0854
20161202,ID000HV4HM6,1995331.9
20161202,ID000HVFNB3,6911.4497
20161202,ID000HVJ760,635.3334
20161202,ID000HVT1P1,16547.713
20161202,ID000HW0214,4510785.5
20161202,ID000HW5Q34,1282.408
20161202,ID000HW8HZ6,0.0
20161202,ID000HW8JC7,56158.1
20161202,ID000HW8L05,6954.168
20161202,ID000HWC6X7,5675.7886
20161202,ID000HWCD62,96340.77
20161202,ID000HWDXK1,0.0
20161202,ID000HWGMB2,4.451561
20161202,ID000HWKM45,2638.283
20161202,ID000HWSTW1,0.0
20161202,ID000HX0V09,0.0
20161202,ID000HX1B75,99063.69
20161202,ID000HXJ2N8,26155922.0
20161202,ID000HYKHK4,26064.074
20161202,ID000HYNKR7,130049.1
20161202,ID000HYNNK8,13522.663
20161202,ID000HYW0X4,640017.94
20161202,ID000HZ9450,191484.64
20161202,ID000HZ95Y5,41948.246
20161202,ID000HZNYT2,1219.6896
20161202,ID000HZQ3L5,0.0
20161202,ID000J0TKJ2,126637.836
20161202,ID000J13PL4,3905114.2
20161202,ID000J185N1,77523.47
20161202,ID000J189M4,332093.22
20161202,ID000J19HG2,2790726.2
20161202,ID000J1BQN1,377.25317
20161202,ID000J1C173,57134.75
20161202,ID000J1C4H6,4494165.0
20161202,ID000J1MQ68,469302.3
20161202,ID000J1TS85,228.03206
20161202,ID000J1TWG7,98913.22
20161202,ID000J20BJ9,37741.496
20161202,ID000J20PS8,6375.119
20161202,ID000J22074,12485.575
20161202,ID000J26G39,368342.4
20161202,ID000J298G0,27274.814
20161202,ID000J29Q70,1637.064
20161202,ID000J2QSX8,2078.8125
20161202,ID000J2W721,15195.179
20161202,ID000J321N2,80827.72
20161202,ID000J33FY8,798179.5
20161202,ID000J34SQ8,2193.6323
20161202,ID000J351C1,5405.6284
20161202,ID000J355C2,6459794.0
20161202,ID000J36GT9,74913.18
20161202,ID000J3XHF2,6129.3584
20161202,ID000J43DL5,162267.56
20161202,ID000J46673,16902.484
20161202,ID000J4XBS9,6555.5044
20161202,ID000J507Y4,21460.57
20161202,ID000J56BS6,4465.09
20161202,ID000J5YLK1,747381.2
20161202,ID000J68LB8,1430514.4
20161202,ID000J6SXZ4,15985.596
20161202,ID000J6V8G6,12447.5
20161202,ID000J7PMH9,72551.625
20161202,ID000J7SKX2,1833.9866
20161202,ID000J82Q56,1120.7761
20161202,ID000J89QK2,9977.926
20161202,ID000J8HV59,3592237.5
20161202,ID000J8TZF6,266366.8
20161202,ID000J8V0L3,22794.344
20161202,ID000J90WF2,0.3336
20161202,ID000J93ZS8,7394810.5
20161202,ID000J9N1Z3,21608990.0
20161202,ID000J9PDR4,30366.918
20161202,ID000J9PL96,5985697.5
20161202,ID000J9QX71,295139.78
20161202,ID000J9R2Q7,63927.367
20161202,ID000J9SD46,948.8701
20161202,ID000J9SLG5,335.46988
20161202,ID000J9SQF5,2664.7458
20161202,ID000JC5CG3,713775.0
20161202,ID000JD0TP9,0.0
20161202,ID000JD2KF7,262375.12
20161202,ID000JD5BV6,0.0
20161202,ID000JD71M6,66514.54
20161202,ID000JDLX22,34953310.0
20161202,ID000JG03L3,1046104.3
20161202,ID000JG1Q77,26557.406
20161202,ID000JGBP32,2974.2124
20161202,ID000JGJL60,15699.887
20161202,ID000JGNZ28,3026032.5
20161202,ID000JH3445,26841.992
20161202,ID000JH7Q15,1322572.4
20161202,ID000JH98D0,39242068.0
20161202,ID000JHH5Y4,507.5508
20161202,ID000JHKY95,0.0
20161202,ID000JJ39W9,1048071.25
20161202,ID000JJPDL8,6697.9253
20161202,ID000JJQTP8,7945396.5
20161202,ID000JJY241,8182.5703
20161202,ID000JJZF87,8879.626
20161202,ID000JK5ZS1,80778.92
20161202,ID000JKR6K9,2926523.5
20161202,ID000JKZFQ4,5777360.5
20161202,ID000JL1DX6,20927.84
20161202,ID000JLCD82,48509.31
20161202,ID000JLF2T0,10332.0
20161202,ID000JLH3S7,339279.56
20161202,ID000JM00D5,3739.137
20161202,ID000JM41R4,3729.381
20161202,ID000JM7BS8,4179.2266
20161202,ID000JM9929,547651.94
20161202,ID000JMHK52,631351.75
20161202,ID000JMSCW8,2942737.5
20161202,ID000JMSXF1,0.0
20161202,ID000JMVVD3,9360.506
20161202,ID000JMVYG4,378425.44
20161202,ID000JN1792,1178.8551
20161202,ID000JN74D8,3921651.5
20161202,ID000JN9C93,46947456.0
20161202,ID000JNDVB3,2566766.2
20161202,ID000JNDVG8,67093.85
20161202,ID000JNQL67,15806.233
20161202,ID000JNZ5W3,80552.664
20161202,ID000JP5FX8,0.0
20161202,ID000JPRBH1,28.44391
20161202,ID000JQ4C19,13560.176
20161202,ID000JQ9RW7,800228.7
20161202,ID000JQ9VD9,482905.12
20161202,ID000JQ9ZF8,490322.53
20161202,ID000JQB3C9,112659.52
20161202,ID000JQB981,19465.658
20161202,ID000JQDYM8,45442.74
20161202,ID000JQF0D0,3594825.2
20161202,ID000JQJ6H9,425.67484
20161202,ID000JQPT19,0.0
20161202,ID000JQT615,1275.945
20161202,ID000JRVP54,80579.54
20161202,ID000JS2SN8,2055.6548
20161202,ID000JS7B78,11201.71
20161202,ID000JSDY08,15070.631
20161202,ID000JSF180,0.0
20161202,ID000JSF830,46020.273
20161202,ID000JSQ4V6,92827.055
20161202,ID000JSSPP4,65987.93
20161202,ID000JSX153,335.97
20161202,ID000JSZMQ2,0.0
20161202,ID000JT2P43,5530409.5
20161202,ID000JT4H94,0.0
20161202,ID000JTCXH1,0.0
20161202,ID000JTD019,4515.3037
20161202,ID000JTD340,2330541.2
20161202,ID000JTD5X3,4838669.0
20161202,ID000JTRHL5,0.0
20161202,ID000JVQ7Q8,394501.1
20161202,ID000JWTMQ0,52913.62
20161202,ID000JWWBJ8,32877710.0
20161202,ID000JX1NH6,3641.41
20161202,ID000JX3D13,0.0
20161202,ID000JX4JW5,82729150.0
20161202,ID000JX4VV9,17675.623
20161202,ID000JX4YW2,0.0
20161202,ID000JXFSH0,0.0
20161202,ID000JXJXC0,0.0
20161202,ID000JXMPR7,0.0
20161202,ID000JXQ7N7,205800.25
20161202,ID000JXTLH0,441.0
20161202,ID000JY0H33,1093.4476
20161202,ID000JY0TP3,43707.688
20161202,ID000JY6JK4,234656.64
20161202,ID000JYSKR0,0.0
20161202,ID000JYZ4V3,9779.336
20161202,ID000JZK1J6,4720.6714
20161202,ID000JZMJG8,0.0
20161202,ID000JZTKQ7,2526509.2
20161202,ID000K00FR3,151.69951
20161202,ID000K00HV4,22457066.0
20161202,ID000K03HF9,754103.94
20161202,ID000K1JBZ1,16334.581
20161202,ID000K1MSQ0,6090.9062
20161202,ID000K1QKV7,1800551.8
20161202,ID000K1RWY7,90200.41
20161202,ID000K1T0N7,64787.9
20161202,ID000K1THQ7,5391.9844
20161202,ID000K26KH3,8848.821
20161202,ID000K26M61,1599.4185
20161202,ID000K2DLL8,17160890.0
20161202,ID000K2S6N3,1925.3967
20161202,ID000K3J027,0.0
20161202,ID000K3J615,0.0
20161202,ID000K3ZLV1,1842.4598
20161202,ID000K3ZRN7,5532.3657
20161202,ID000K48NZ1,60270.34
20161202,ID000K4VCB5,0.0
20161202,ID000K5B0G5,2478.1416
20161202,ID000K5DN37,0.0
20161202,ID000K65GY5,284847680.0
20161202,ID000K6JSH3,4506504.5
20161202,ID000K6K5P2,71665.58
20161202,ID000K6MPD9,4747474.0
20161202,ID000K6MVN5,0.0
20161202,ID000K6MWM4,1826710.5
20161202,ID000K6MZF5,208080.84
20161202,ID000K6N551,617511.06
20161202,ID000K73HK8,66490.24
20161202,ID000K73MB7,23840.328
20161202,ID000K73QH2,477784.72
20161202,ID000K73VW4,2581555.5
20161202,ID000K76Q34,46033.855
20161202,ID000K76RW0,8424000.0
20161202,ID000K76WD0,174525.7
20161202,ID000K76YW5,275892.62
20161202,ID000K771S1,22941.719
20161202,ID000K79NK9,19954362.0
20161202,ID000K7Z994,301121.0
20161202,ID000K7ZMS4,559764.7
20161202,ID000K82WN1,93133.49
20161202,ID000K84264,361529.12
20161202,ID000K8KC37,1739.9279
20161202,ID000K8R8V8,4.7982
20161202,ID000K8RFX0,93026.64
20161202,ID000K9ZWK6,287623.56
20161202,ID000KB54C5,229652.98
20161202,ID000KC1BS4,9922.396
20161202,ID000KCPPK5,5646.737
20161202,ID000KD8SP1,257755.64
20161202,ID000KDCPL6,310412.75
20161202,ID000KDG6T6,20388724.0
20161202,ID000KDNJQ3,232794.83
20161202,ID000KDXZM0,246714.81
20161202,ID000KDY7P8,28639.635
20161202,ID000KDZCG6,5579.219
20161202,ID000KF3VP4,6124.5605
20161202,ID000KF3WZ1,43742412.0
20161202,ID000KFW2Y6,14439.419
20161202,ID000KGG2G2,262.416
20161202,ID000KGJK79,99076.91
20161202,ID000KGQPX1,50966.99
20161202,ID000KGRXJ9,125056.08
20161202,ID000KGTC03,114385.96
20161202,ID000KGXK28,14533.154
20161202,ID000KHCNC2,853778.5
20161202,ID000KHSXN1,8117.9067
20161202,ID000KJQD08,76290.32
20161202,ID000KJS3T7,19476728.0
20161202,ID000KJTDJ5,10301.5625
20161202,ID000KJYKZ5,19196660.0
20161202,ID000KK6746,0.0
20161202,ID000KK7J03,431446.88
20161202,ID000KKVJQ8,4886.2773
20161202,ID000KKZZW1,53738.56
20161202,ID000KL47P3,3244.8962
20161202,ID000KL72Y1,25988210.0
20161202,ID000KLK4L6,0.0
20161202,ID000KLQV21,7374.95
20161202,ID000KM24B5,51926.586
20161202,ID000KM25X8,13704.337
20161202,ID000KM3B19,2524.1335
20161202,ID000KM3HD3,28229.584
20161202,ID000KM7N82,55.980003
20161202,ID000KMBJ13,26.3136
20161202,ID000KMFFP1,0.0
20161202,ID000KMGZG6,0.0
20161202,ID000KMH223,21238.201
20161202,ID000KMJ8R1,0.0
20161202,ID000KMJK12,0.0
20161202,ID000KNHS33,0.0
20161202,ID000KP4WH8,1704059.9
20161202,ID000KP7QZ8,387542.28
20161202,ID000KP8217,3313130.2
20161202,ID000KP8468,22390.627
20161202,ID000KP87F1,39572.785
20161202,ID000KP9DN8,37445.047
20161202,ID000KPBJZ9,176499.33
20161202,ID000KPBMS0,3976800.2
20161202,ID000KPBQQ3,18835.81
20161202,ID000KPBSS7,6460.354
20161202,ID000KPBVN5,736032.94
20161202,ID000KPBZJ1,2328566.5
20161202,ID000KPC1H7,1179166.9
20161202,ID000KPC6C1,5321.839
20161202,ID000KR9YG6,2275187.5
20161202,ID000KRS603,78686.85
20161202,ID000KRTT02,635604.1
20161202,ID000KRXV57,2299325.2
20161202,ID000KS3KH9,6467.9316
20161202,ID000KSQJR6,1047867.94
20161202,ID000KTVB40,896.1937
20161202,ID000KTVFR6,0.0
20161202,ID000KVBD43,164228.77
20161202,ID000KVF7T5,428055.75
20161202,ID000KVFDR4,58451.938
20161202,ID000KVWWS2,6164.5195
20161202,ID000KW2ZP9,1370656.9
20161202,ID000KWGFZ7,252.89882
20161202,ID000KWN4Z4,8444.361
20161202,ID000KWN938,1635.367
20161202,ID000KWV939,83898.766
20161202,ID000KWVDJ3,25364.76
20161202,ID000KXQMX1,15809075.0
20161202,ID000KXRPP2,0.0
20161202,ID000KXS3S7,1783409.1
20161202,ID000KXS7T7,0.0
20161202,ID000KXTCM2,0.0
20161202,ID000KY4TP7,0.0
20161202,ID000KYL0Y1,0.0
20161202,ID000KYV1V1,0.0
20161202,ID000KYV301,758.35944
20161202,ID000KYVCK9,20244.51
20161202,ID000KYZNK1,24658.172
20161202,ID000KZPN01,153307.45
20161202,ID000KZTZN5,14406.514
20161202,ID000L0JMY9,14387598.0
20161202,ID000L0P6S4,45745.484
20161202,ID000L16DG1,4052.545
20161202,ID000L190Y6,2466.3716
20161202,ID000L1KH94,69404.484
20161202,ID000L1RN21,24207.844
20161202,ID000L216V2,0.0
20161202,ID000L2Q4C1,8456.087
20161202,ID000L2ZZ14,53050.66
20161202,ID000L32NY9,783.0331
20161202,ID000L32T21,347016.8
20161202,ID000L330H7,16098.745
20161202,ID000L34530,20832.117
20161202,ID000L38Q49,0.0
20161202,ID000L4LX29,0.0
20161202,ID000L4WGT5,365778.84
20161202,ID000L4WT26,773.3338
20161202,ID000L5MRL7,182260.61
20161202,ID000L5MXC4,290805.1
20161202,ID000L5XM27,0.0
20161202,ID000L63Z29,53908.348
20161202,ID000L6LFP8,2287.376
20161202,ID000L6W5T4,1757119.0
20161202,ID000L8FL14,28109.652
20161202,ID000L8MLH9,0.0
20161202,ID000L8TPX5,16791.824
20161202,ID000L9DG88,38736.223
20161202,ID000L9KTP3,919749.3
20161202,ID000L9VSZ2,3934.0342
20161202,ID000LB1XY0,75737.79
20161202,ID000LBJ1J8,10167.36
20161202,ID000LBMPH3,4433.041
20161202,ID000LBQ262,0.0
20161202,ID000LBTHQ4,21387.277
20161202,ID000LBZS83,0.0
20161202,ID000LBZX19,0.0
20161202,ID000LC5QM2,56844.082
20161202,ID000LCK364,0.0
20161202,ID000LCK3V6,0.0
20161202,ID000LCKBR3,10886180.0
20161202,ID000LCXYP1,1679.9808
20161202,ID000LD6QY6,0.0
20161202,ID000LDWNC8,9761.298
20161202,ID000LDZ491,417829.47
20161202,ID000LF51H6,0.0
20161202,ID000LF7TQ3,0.0
20161202,ID000LF7V88,0.0
20161202,ID000LF7Y46,0.0
20161202,ID000LF7Z07,0.0
20161202,ID000LF8110,13313.77
20161202,ID000LF82C6,0.0
20161202,ID000LF83K5,0.0
20161202,ID000LF8548,0.0
20161202,ID000LFQCN2,126271.945
20161202,ID000LFQG62,11502.856
20161202,ID000LFYR14,0.0
20161202,ID000LFZVB3,14323.346
20161202,ID000LG0BW0,509965.12
20161202,ID000LGGPW2,265774.66
20161202,ID000LGNND0,86111.68
20161202,ID000LGVDT6,680001.94
20161202,ID000LH0MV5,1103118.2
20161202,ID000LH0QQ2,645.72906
20161202,ID000LH6FJ8,5555.424
20161202,ID000LH6L23,10790.375
20161202,ID000LHBC72,22054.594
20161202,ID000LHMPK6,6404.357
20161202,ID000LHT3W5,13138947.0
20161202,ID000LHTBB0,0.0
20161202,ID000LJ8PM6,1375729.4
20161202,ID000LJ8SB2,0.0
20161202,ID000LJGBN7,3838.5215
20161202,ID000LJJC16,31570.691
20161202,ID000LJPPJ1,0.0
20161202,ID000LJRMP9,0.0
20161202,ID000LK4CQ2,286856.8
20161202,ID000LK8994,4007.7183
20161202,ID000LKB5J7,53382.34
20161202,ID000LKDCN5,237151.89
20161202,ID000LKHWG5,431978.78
20161202,ID000LKKZB9,715140.1
20161202,ID000LKMDQ0,0.0
20161202,ID000LL94K9,15757.208
20161202,ID000LN89F1,58923.2
20161202,ID000LNDYD2,524.88904
20161202,ID000LNLRX6,604428.9
20161202,ID000LNVVC9,1168.0988
20161202,ID000LPGXJ0,0.0
20161202,ID000LPJCG6,11709.686
20161202,ID000LPWWD0,5396.6396
20161202,ID000LQ5RD9,0.0
20161202,ID000LQ8WR0,2319.9697
20161202,ID000LQSP75,27331.51
20161202,ID000LS0C89,1808.9918
20161202,ID000LSGX40,73203.58
20161202,ID000LSR8P0,0.0
20161202,ID000LTK5V4,416250.03
20161202,ID000LV7K50,76556.586
20161202,ID000LV8XM2,1359128.0
20161202,ID000LV9089,3869102.0
20161202,ID000LVB7R0,26212.316
20161202,ID000LW0T38,6205.521
20161202,ID000LW3MC0,88443790.0
20161202,ID000LWNWP2,80545.984
20161202,ID000LWRTC9,12195.522
20161202,ID000LXG407,201489.58
20161202,ID000LXG6P5,1889.1368
20161202,ID000LXG880,31311.557
20161202,ID000LXHBN5,1125.3387
20161202,ID000LXHCN3,4848.19
20161202,ID000LXHF10,10728.859
20161202,ID000LXHFX5,102447.05
20161202,ID000LXHH16,9641.412
20161202,ID000LXHL44,63365.934
20161202,ID000LXHNH6,38493.44
20161202,ID000LXHQ25,3367529.5
20161202,ID000LXHRK3,36657.97
20161202,ID000LXHT47,7343.622
20161202,ID000LXHWZ6,8421.528
20161202,ID000LY78R7,2660.1262
20161202,ID000LY7C16,188460.64
20161202,ID000LYBGY6,4551.0034
20161202,ID000LYJ9N6,412228.72
20161202,ID000LYV8C6,1.0885
20161202,ID000LZ2NG8,192476.47
20161202,ID000LZZSP1,0.0
20161202,ID000M011J0,8673.698
20161202,ID000M0D8M8,1253862.1
20161202,ID000M0FXH7,39080.19
20161202,ID000M0RRD1,39391.64
20161202,ID000M100M7,7957.66
20161202,ID000M14FL1,38009.484
20161202,ID000M1HRD0,36360.57
20161202,ID000M1PSM9,28336.652
20161202,ID000M1R823,3615413.2
20161202,ID000M23NC3,2417408.0
20161202,ID000M2D069,334064.2
20161202,ID000M2MGS0,190424.06
20161202,ID000M2VPB8,11828894.0
20161202,ID000M32S95,122010.02
20161202,ID000M34GM4,11491267.0
20161202,ID000M38NP2,33528.312
20161202,ID000M3HZF6,40504956.0
20161202,ID000M3SN89,14187719.0
20161202,ID000M3WCW1,6467.9746
20161202,ID000M5Q1X6,0.0
20161202,ID000M5SPK5,163991.39
20161202,ID000M5SW48,16193.997
20161202,ID000M62LX6,12441.008
20161202,ID000M68MY7,0.0
20161202,ID000M6JVT1,5237.6616
20161202,ID000M6QVZ6,13351.443
20161202,ID000M7DH52,28688.188
20161202,ID000M7NYJ9,55223.547
20161202,ID000M7T338,0.0
20161202,ID000M8MXM6,16012.547
20161202,ID000M8P2G8,65397.42
20161202,ID000M8PBS5,23497.629
20161202,ID000M8SFK1,1243.936
20161202,ID000M9KXG3,0.0
20161202,ID000M9L2F1,21079.95
20161202,ID000MC7VN7,0.0
20161202,ID000MCTC55,205395.56
20161202,ID000MCWP07,2042.8363
20161202,ID000MD5CQ6,1054.0294
20161202,ID000MDN4R3,13298361.0
20161202,ID000MF6B19,7162116.5
20161202,ID000MFRDQ5,2307908.0
20161202,ID000MFRMZ5,166441.17
20161202,ID000MG5PC5,771805.6
20161202,ID000MG7699,0.0
20161202,ID000MGLKB9,100502.23
20161202,ID000MGW9T3,15998717.0
20161202,ID000MH29M1,7329973.0
20161202,ID000MHFPT4,3623.6357
20161202,ID000MHFRK9,32316.107
20161202,ID000MHFSB7,66655.65
20161202,ID000MHTHX2,46486.344
20161202,ID000MHXBV2,15610.608
20161202,ID000MHXHQ5,172595.81
20161202,ID000MJ0N66,426204.94
20161202,ID000MJGT84,1101912.1
20161202,ID000MJR8Y9,1638.7751
20161202,ID000MJVSD3,27687.035
20161202,ID000MKDW14,423521.22
20161202,ID000ML1TL0,1540.277
20161202,ID000ML29C3,0.0
20161202,ID000MLFDZ5,6549458.0
20161202,ID000MLFJ28,181037.9
20161202,ID000MLMH42,268765.25
20161202,ID000MLT0K4,1529104.8
20161202,ID000MM8G20,14.98137
20161202,ID000MM8ZX4,7477487.5
20161202,ID000MPPCP8,12467039.0
20161202,ID000MPRWH1,6351497.0
20161202,ID000MPYSW5,12765.8
20161202,ID000MPYV49,3303.133
20161202,ID000MQ7FF0,0.0
20161202,ID000MR2J29,276626.34
20161202,ID000MR2N75,19586.215
20161202,ID000MRQSR6,0.0
20161202,ID000MT6W40,9447970.0
20161202,ID000MTK106,260178.98
20161202,ID000MTP0X7,0.0
20161202,ID000MTW176,1307570.9
20161202,ID000MTYXN6,215924.52
20161202,ID000MV07Z2,4988647.5
20161202,ID000MV1DS6,45169.758
20161202,ID000MV1XG5,365295.4
20161202,ID000MV1ZV3,120747.79
20161202,ID000MV3404,36730.21
20161202,ID000MV48W9,574811.1
20161202,ID000MV4R75,8232.551
20161202,ID000MVS6M8,1702168.0
20161202,ID000MXBSY1,14666.367
20161202,ID000MXBZ75,0.0
20161202,ID000MXFMY0,0.0
20161202,ID000MXYX02,2526.1477
20161202,ID000MYF3S7,1070106.6
20161202,ID000MYY0X6,0.0
20161202,ID000MZBVD2,2476.7708
20161202,ID000MZHB95,0.0
20161202,ID000MZQ393,18500.04
20161202,ID000MZRG57,18540.064
20161202,ID000N06TW8,2157.715
20161202,ID000N17TD6,3991831.2
20161202,ID000N1FK28,0.0
20161202,ID000N1FPK7,0.0
20161202,ID000N1JFG0,8898.12
20161202,ID000N1M8M5,6766.191
20161202,ID000N1NKQ3,35944.566
20161202,ID000N1NNR6,334449.0
20161202,ID000N1NS68,32555.82
20161202,ID000N1PXG4,113160.0
20161202,ID000N1Q1B8,1784.8314
20161202,ID000N1Q477,0.0
20161202,ID000N1Q7X1,51971.703
20161202,ID000N1RC50,8357.026
20161202,ID000N1RGL3,79396.7
20161202,ID000N1RL78,0.0
20161202,ID000N1SSD5,1780.2455
20161202,ID000N1WXX7,27395.865
20161202,ID000N2BZ81,19829690.0
20161202,ID000N2JMT9,0.0
20161202,ID000N2L719,59913.45
20161202,ID000N2RW18,34368.43
20161202,ID000N348Z7,0.0
20161202,ID000N44K79,40953.89
20161202,ID000N4B6Z1,18160676.0
20161202,ID000N4F7L0,1539986.2
20161202,ID000N4LVJ3,0.0
20161202,ID000N4PKK1,1616.0076
20161202,ID000N4PT59,134590.69
20161202,ID000N4S9T4,853740.0
20161202,ID000N4SB73,37222.96
20161202,ID000N4TTZ2,343672.5
20161202,ID000N4W731,7604.4146
20161202,ID000N56274,42019.918
20161202,ID000N57Q34,9660586.0
20161202,ID000N5F817,2625889.0
20161202,ID000N5LRT8,7633272.0
20161202,ID000N61YP7,6180.6436
20161202,ID000N6FL61,0.0
20161202,ID000N6QCK3,134491.16
20161202,ID000N6QFG1,0.0
20161202,ID000N6QGJ6,1579.7098
20161202,ID000N6SSK6,2094.7957
20161202,ID000N6SV47,166558.14
20161202,ID000N6SY96,105700.41
20161202,ID000N6SZN7,0.0
20161202,ID000N6T1F0,0.0
20161202,ID000N6T320,252471.86
20161202,ID000N6T4X4,31943.277
20161202,ID000N6T8X5,8629.497
20161202,ID000N6TD73,449272.66
20161202,ID000N6WN77,55754.152
20161202,ID000N6WQ52,208519.42
20161202,ID000N6WSC0,50087.07
20161202,ID000N7N9V9,0.0
20161202,ID000N7W9F7,0.0
20161202,ID000N7XDM9,346492.8
20161202,ID000N7Z4W6,167496.64
20161202,ID000N864S1,3888.423
20161202,ID000N86937,2068.143
20161202,ID000N86C12,61627.535
20161202,ID000N87J98,113.11856
20161202,ID000N8GHT0,10913141.0
20161202,ID000N9L260,17584.994
20161202,ID000N9X114,2349945.5
20161202,ID000NBKGB9,1501.5
20161202,ID000NBPGX0,13193.13
20161202,ID000NBSHL8,1509159.9
20161202,ID000NBW9M0,5861.625
20161202,ID000NC39F8,0.0
20161202,ID000NCL995,12507.749
20161202,ID000NCMLS6,0.0
20161202,ID000NCTJG7,2912.448
20161202,ID000NCTSY7,11128531.0
20161202,ID000NCTVD3,7918128.5
20161202,ID000NCW1Z1,0.0
20161202,ID000NCZVK8,6303.092
20161202,ID000ND1T73,549.20355
20161202,ID000ND1VG8,21417.104
20161202,ID000ND1Y18,17345424.0
20161202,ID000ND3RZ4,0.0
20161202,ID000ND49C8,315640.16
20161202,ID000ND79K6,3306025.5
20161202,ID000NDLMD9,12892.213
20161202,ID000NDLRC9,0.0
20161202,ID000NDQHC6,166674.2
20161202,ID000NDYF40,3587.203
20161202,ID000NDYQS0,174838.69
20161202,ID000NFNBV6,306777.62
20161202,ID000NFPH41,532639.9
20161202,ID000NG2DL4,22140.191
20161202,ID000NG4X83,51247.254
20161202,ID000NGJD90,2552.6882
20161202,ID000NGQ5Q0,1474383.6
20161202,ID000NGTDS8,1037.68
20161202,ID000NH2QV2,30337818.0
20161202,ID000NHG9V5,122543.36
20161202,ID000NHK5F6,2319.317
20161202,ID000NHK6L7,0.0
20161202,ID000NHW8S3,454577.3
20161202,ID000NHW9T0,524735.9
20161202,ID000NJ1SK7,475792.9
20161202,ID000NJ30V4,545.6405
20161202,ID000NJ9422,68775.305
20161202,ID000NJGLM4,3204407.5
20161202,ID000NK3RZ8,1296.792
20161202,ID000NKC0M1,592.6598
20161202,ID000NKFQC2,6190779.0
20161202,ID000NKL498,374510.75
20161202,ID000NKRK78,0.0
20161202,ID000NLS587,4173.312
20161202,ID000NMB7L4,1316141.2
20161202,ID000NMBQ78,25335.586
20161202,ID000NMJ8Z9,211452.72
20161202,ID000NNQP45,1862.5
20161202,ID000NNQWY7,47.00228
20161202,ID000NNXGX5,50929.855
20161202,ID000NP0BZ5,0.0
20161202,ID000NP0D18,236996.0
20161202,ID000NP0F13,0.0
20161202,ID000NP0FG7,31186.965
20161202,ID000NP2RZ8,0.0
20161202,ID000NP2W23,0.0
20161202,ID000NP2XL0,148061.55
20161202,ID000NP3166,0.0
20161202,ID000NPC987,4752083.5
20161202,ID000NPGF16,198682.47
20161202,ID000NQ90D2,9657.622
20161202,ID000NQ99W2,0.0
20161202,ID000NQCTZ1,659.286
20161202,ID000NQCXG3,81248.64
20161202,ID000NQJ2J1,4745.194
20161202,ID000NQKWF7,283.50897
20161202,ID000NQV2C4,332089540.0
20161202,ID000NQWJL6,25086340.0
20161202,ID000NQXR55,23656220.0
20161202,ID000NR82W6,135.49667
20161202,ID000NR85B2,207.1703
20161202,ID000NRTD77,42999948.0
20161202,ID000NRTGD3,16500747.0
20161202,ID000NS3ZY4,108722.73
20161202,ID000NSHN12,2321.2637
20161202,ID000NSJR93,0.0
20161202,ID000NSK7H6,26364.588
20161202,ID000NSV604,60128084.0
20161202,ID000NSX4L4,5344.852
20161202,ID000NSX844,0.0
20161202,ID000NSXPT9,46866160.0
20161202,ID000NTBB21,85901.81
20161202,ID000NTGH41,0.0
20161202,ID000NTPNR3,593322.2
20161202,ID000NTQ3B3,0.0
20161202,ID000NTWLN3,0.95434195
20161202,ID000NTYBS8,48987.91
20161202,ID000NTZTZ0,67735.836
20161202,ID000NVLV12,593177.25
20161202,ID000NVM4K0,79336.164
20161202,ID000NVM714,179753.64
20161202,ID000NVXKJ4,7023.126
20161202,ID000NWKS36,2063.0266
20161202,ID000NWLCS3,208626.75
20161202,ID000NWQBJ0,23940.227
20161202,ID000NWWX69,712089.25
20161202,ID000NWX8K7,3398.6147
20161202,ID000NWYG64,386.33005
20161202,ID000NX0CW9,11714.187
20161202,ID000NXY9H6,95931.14
20161202,ID000NY0115,131290.92
20161202,ID000NY5TC7,10.964
20161202,ID000NY7J91,132651.69
20161202,ID000NYBMX2,277.06497
20161202,ID000NYBW88,694.3869
20161202,ID000NYDX57,0.0
20161202,ID000NYF164,0.0
20161202,ID000NYGLW0,613.35077
20161202,ID000NYJVX4,0.0
20161202,ID000NYZ000,2024926.8
20161202,ID000NZ4H22,11973.532
20161202,ID000NZ4ZK2,9550.675
20161202,ID000NZQW34,540.38196
20161202,ID000NZR2P5,5170.878
20161202,ID000NZT5Q5,57017.152
20161202,ID000NZVKK5,2816895.5
20161202,ID000P0LC10,524.5592
20161202,ID000P0WDF1,967841.75
20161202,ID000P1HJ27,37504.312
20161202,ID000P1VRN0,2357.0667
20161202,ID000P2BT47,11092559.0
20161202,ID000P2PQS2,319990.25
20161202,ID000P2PSP1,95008.18
20161202,ID000P2Q1W1,66253.914
20161202,ID000P2Q7T2,3534.195
20161202,ID000P2RDZ1,28601.998
20161202,ID000P2Y517,480108.16
20161202,ID000P33LR6,1339224.2
20161202,ID000P39Y01,92545.92
20161202,ID000P3CPP9,0.0
20161202,ID000P3CSB8,0.0
20161202,ID000P3CVX7,0.0
20161202,ID000P3CXN4,0.0
20161202,ID000P3FWB6,8697.603
20161202,ID000P3KVK2,5044452.5
20161202,ID000P3M7B3,157572.83
20161202,ID000P3MCK2,9816.871
20161202,ID000P3MH12,0.0
20161202,ID000P3MHT2,1120081.4
20161202,ID000P3MK60,0.0
20161202,ID000P3MMC9,13966.931
20161202,ID000P3MMW7,0.0
20161202,ID000P3MPV1,0.0
20161202,ID000P3MSY2,83737.15
20161202,ID000P3MT52,0.0
20161202,ID000P3NX43,1222639.1
20161202,ID000P3NZP5,0.0
20161202,ID000P3P1C2,0.0
20161202,ID000P3P3P4,0.0
20161202,ID000P3P659,19036.006
20161202,ID000P3P971,18527.398
20161202,ID000P3PDG2,0.0
20161202,ID000P3PGK0,0.0
20161202,ID000P3PGT1,429977.22
20161202,ID000P3PKD9,0.0
20161202,ID000P3PLV7,237826.88
20161202,ID000P3PMV5,0.0
20161202,ID000P3QR52,0.0
20161202,ID000P3QSP8,1429734.1
20161202,ID000P3QVC5,0.0
20161202,ID000P3QXN9,0.0
20161202,ID000P3R5F8,11371394.0
20161202,ID000P3SX20,911.9209
20161202,ID000P3SZY0,0.0
20161202,ID000P3T1P4,0.0
20161202,ID000P3T3J7,0.0
20161202,ID000P3T6T9,0.0
20161202,ID000P3TB27,85568.336
20161202,ID000P3VH03,0.0
20161202,ID000P3VLB2,0.0
20161202,ID000P3VP69,0.0
20161202,ID000P3VR56,0.0
20161202,ID000P3VT34,0.0
20161202,ID000P3VXH0,33397.832
20161202,ID000P3W1X1,12703.6875
20161202,ID000P3X794,0.0
20161202,ID000P3X9R0,0.0
20161202,ID000P3XCK0,0.0
20161202,ID000P3XFD1,0.0
20161202,ID000P3ZGJ1,0.0
20161202,ID000P46S50,104924.086
20161202,ID000P48B82,26713.947
20161202,ID000P48N13,18642290.0
20161202,ID000P4KKL3,899500.94
20161202,ID000P4MGB1,1266.0745
20161202,ID000P4MST6,40233.645
20161202,ID000P4SPV3,179964.94
20161202,ID000P4T2M3,881749.94
20161202,ID000P4T591,281385.2
20161202,ID000P53854,71958.586
20161202,ID000P555B1,9411.351
20161202,ID000P559K3,66.74779
20161202,ID000P55GV5,12995.409
20161202,ID000P5BV09,17428.79
20161202,ID000P5BWM3,20664.734
20161202,ID000P5BYY6,66786.05
20161202,ID000P5DR42,2574189.2
20161202,ID000P5GP16,0.0
20161202,ID000P5JKY8,0.0
20161202,ID000P5LBQ4,52131.2
20161202,ID000P5TJP0,8590.38
20161202,ID000P5WJC0,0.0
20161202,ID000P5WN68,10478.257
20161202,ID000P5YR21,1130715.1
20161202,ID000P69JM3,81.193726
20161202,ID000P6F2W2,5422.6274
20161202,ID000P6QYF9,196.4103
20161202,ID000P6Z937,73141.28
20161202,ID000P71H34,30051.117
20161202,ID000P71K64,344393.16
20161202,ID000P71PV5,2823695.8
20161202,ID000P72WS3,119763.85
20161202,ID000P73093,286610.97
20161202,ID000P78VN4,1389505.5
20161202,ID000P7C1X4,36482.168
20161202,ID000P7J4M3,84236.16
20161202,ID000P7KYD5,13056.367
20161202,ID000P7L0N7,160367.84
20161202,ID000P7L360,1706.5
20161202,ID000P7L592,2854833.5
20161202,ID000P7N420,40613.52
20161202,ID000P7PXN1,97454.44
20161202,ID000P860X1,1033787.3
20161202,ID000P89978,13138.314
20161202,ID000P8C7D1,0.0
20161202,ID000P8H737,584361.5
20161202,ID000P8NYC1,1953.0549
20161202,ID000P8STV6,53774.14
20161202,ID000P8WWS8,1509749.9
20161202,ID000P92ML8,373354.22
20161202,ID000P92TD2,98549.586
20161202,ID000P9B4M7,33259.715
20161202,ID000P9VS60,7673586.5
20161202,ID000PBC5W7,15722.519
20161202,ID000PBPW81,13748.431
20161202,ID000PBYTW1,218532.78
20161202,ID000PCCYG0,726719.4
20161202,ID000PCFKP7,475510.9
20161202,ID000PCFNW3,89317.84
20161202,ID000PD1500,642.50397
20161202,ID000PD87B7,64653.57
20161202,ID000PDCRL7,945584.2
20161202,ID000PDQPY2,32.35574
20161202,ID000PDXXL1,53348.37
20161202,ID000PFNC79,0.0
20161202,ID000PFYVK0,1860278.6
20161202,ID000PG0MT6,19556796.0
20161202,ID000PG2G17,13166406.0
20161202,ID000PG44W8,150890.8
20161202,ID000PGB2C6,17976.432
20161202,ID000PGMDC0,4308.903
20161202,ID000PGW634,2721.357
20161202,ID000PH1798,1456.4316
20161202,ID000PH1FT8,23640.229
20161202,ID000PH5GG6,561586.4
20161202,ID000PH6QW5,832.27496
20161202,ID000PH7C73,345905.5
20161202,ID000PH7GM7,1409806.6
20161202,ID000PH7K57,11181.107
20161202,ID000PH8N78,38384.88
20161202,ID000PH90K2,13512.902
20161202,ID000PH90M0,29125.666
20161202,ID000PH9898,3105.7705
20161202,ID000PH98M3,1872818.5
20161202,ID000PH9D60,6084247.0
20161202,ID000PHBH95,98247.68
20161202,ID000PHBMP6,653035.94
20161202,ID000PHBP51,540593.2
20161202,ID000PHC5H1,154.53201
20161202,ID000PHDX16,157844.8
20161202,ID000PHTV95,770239.2
20161202,ID000PJ2604,1163815.5
20161202,ID000PJ28T9,0.0
20161202,ID000PJ2CD7,311013.16
20161202,ID000PJ2D36,1035631.25
20161202,ID000PJ2JR7,0.0
20161202,ID000PJ2LZ3,2293626.0
20161202,ID000PJ2M18,0.0
20161202,ID000PJ2SR7,1360509.0
20161202,ID000PJ3XT3,0.0
20161202,ID000PJ3YP5,0.0
20161202,ID000PJ46R3,0.0
20161202,ID000PJ4HG1,1857.3475
20161202,ID000PJ4PR1,0.0
20161202,ID000PJ5Z25,21434.885
20161202,ID000PJ65L9,47973.65
20161202,ID000PJ6DP8,5407.9126
20161202,ID000PJ7QB3,0.0
20161202,ID000PJ7Z23,0.0
20161202,ID000PJ88V0,0.0
20161202,ID000PJ8DQ5,26780552.0
20161202,ID000PJ9M20,5587.037
20161202,ID000PJ9XV4,0.0
20161202,ID000PJB7R3,0.0
20161202,ID000PJCNV2,0.0
20161202,ID000PJCZ63,0.0
20161202,ID000PJFB36,63047.86
20161202,ID000PJFKV5,0.0
20161202,ID000PJFLZ9,198055.0
20161202,ID000PJK7R3,216.9132
20161202,ID000PJNY46,19263.955
20161202,ID000PJQQS4,0.0
20161202,ID000PJSWM5,5872.4565
20161202,ID000PK2ZM3,5018306.5
20161202,ID000PK8MG3,3364738.5
20161202,ID000PKB0C1,1191717.4
20161202,ID000PKP7T3,788921.7
20161202,ID000PKPYJ5,0.0
20161202,ID000PL06Z3,27594.78
20161202,ID000PLGW52,87790.516
20161202,ID000PLGXT4,37560.21
20161202,ID000PLH1T3,0.0
20161202,ID000PLH4Q0,149127.64
20161202,ID000PLH5K3,4606.3145
20161202,ID000PLH6J3,171995.06
20161202,ID000PLH7X5,79268.71
20161202,ID000PLH8R0,17963.674
20161202,ID000PLKNY5,327028.1
20161202,ID000PLKQ69,0.0
20161202,ID000PLNMH3,59966.477
20161202,ID000PLNW09,56790.086
20161202,ID000PLT8C3,6922.847
20161202,ID000PLT9Z6,0.0
20161202,ID000PLXZX5,2488.8833
20161202,ID000PLZQH1,5871016.5
20161202,ID000PM1X36,896822.75
20161202,ID000PM21L5,2601591.5
20161202,ID000PM3Q75,5341.914
20161202,ID000PM52K1,224993.33
20161202,ID000PM55J6,22905.338
20161202,ID000PM57N7,59469.758
20161202,ID000PM58N5,0.0
20161202,ID000PM64V4,0.0
20161202,ID000PM6P01,694911.94
20161202,ID000PM6QX3,54083.254
20161202,ID000PM8N95,291472.28
20161202,ID000PM94Y8,26566.094
20161202,ID000PMBP69,205826.16
20161202,ID000PMGKH3,8442.698
20161202,ID000PMJN48,563.3208
20161202,ID000PMLJW3,47520.383
20161202,ID000PMQWF8,12558.584
20161202,ID000PMSH41,17804.453
20161202,ID000PMWL47,669015.25
20161202,ID000PMY3P2,24784.56
20161202,ID000PMY8J8,0.0
20161202,ID000PN0T07,9922.019
20161202,ID000PN0W55,23378.922
20161202,ID000PN0WF4,120373.85
20161202,ID000PN1B23,163.27501
20161202,ID000PN3WP0,71155.81
20161202,ID000PN3YM9,3191056.2
20161202,ID000PN4ZS9,2852.6506
20161202,ID000PN6DL3,378267.75
20161202,ID000PN73H9,80539.93
20161202,ID000PN77K6,48302.78
20161202,ID000PN7977,20285.533
20161202,ID000PN8743,1043214.1
20161202,ID000PNBCZ4,147416.0
20161202,ID000PNBK31,496736.22
20161202,ID000PNBL02,547613.3
20161202,ID000PNBMT9,21260.076
20161202,ID000PNBNW3,129258.37
20161202,ID000PNDWF0,111.321526
20161202,ID000PNFC26,296174.34
20161202,ID000PNG7G1,8521.488
20161202,ID000PNGD96,0.0
20161202,ID000PNQN66,0.0
20161202,ID000PNRND7,1596974.9
20161202,ID000PNX406,166551.89
20161202,ID000PNZC88,58.657143
20161202,ID000PNZTC6,602.55066
20161202,ID000PNZVL1,0.0
20161202,ID000PNZYV4,0.0
20161202,ID000PP0005,0.0
20161202,ID000PP3FW4,4296.4766
20161202,ID000PP44K1,0.0
20161202,ID000PP47W1,0.0
20161202,ID000PP4948,0.0
20161202,ID000PP4C96,0.0
20161202,ID000PP4F80,0.0
20161202,ID000PP4GS6,0.0
20161202,ID000PP4JG3,0.0
20161202,ID000PP4L50,0.0
20161202,ID000PP4P42,0.0
20161202,ID000PP4PZ8,86107.75
20161202,ID000PP4Q77,0.0
20161202,ID000PP4SD6,0.0
20161202,ID000PP4WG4,0.0
20161202,ID000PP4YB5,0.0
20161202,ID000PP50F4,0.0
20161202,ID000PP5233,0.0
20161202,ID000PP5368,0.0
20161202,ID000PP54M8,3240.7542
20161202,ID000PP54T1,0.0
20161202,ID000PP57M1,0.0
20161202,ID000PP58J3,0.0
20161202,ID000PP58Y6,2144846.5
20161202,ID000PP5BN1,0.0
20161202,ID000PP5D93,0.0
20161202,ID000PP5G41,0.0
20161202,ID000PP5JY2,0.0
20161202,ID000PP5MN7,0.0
20161202,ID000PP5PD1,0.0
20161202,ID000PP5R29,0.0
20161202,ID000PP5T16,0.0
20161202,ID000PP5VR3,0.0
20161202,ID000PP5X62,0.0
20161202,ID000PP5Y51,0.0
20161202,ID000PP6107,0.0
20161202,ID000PP62K3,0.0
20161202,ID000PP64G4,0.0
20161202,ID000PP66K4,0.0
20161202,ID000PP6893,0.0
20161202,ID000PP68K0,34589.145
20161202,ID000PP6BD1,0.0
20161202,ID000PP6DC8,0.0
20161202,ID000PP6GC1,0.0
20161202,ID000PP6J44,0.0
20161202,ID000PP6KV1,0.0
20161202,ID000PP6MG4,0.0
20161202,ID000PP6NX3,0.0
20161202,ID000PP6QD8,0.0
20161202,ID000PP6S35,0.0
20161202,ID000PP6V01,0.0
20161202,ID000PP6W09,0.0
20161202,ID000PP6X70,0.0
20161202,ID000PP70J8,0.0
20161202,ID000PP71R7,0.0
20161202,ID000PP74C7,0.0
20161202,ID000PP76H7,0.0
20161202,ID000PP7918,0.0
20161202,ID000PP7BJ4,0.0
20161202,ID000PP7D46,0.0
20161202,ID000PP7FF9,0.0
20161202,ID000PP7JK5,0.0
20161202,ID000PP7L93,0.0
20161202,ID000PP8W43,0.0
20161202,ID000PP9KR3,388895.44
20161202,ID000PPCJ56,674492.0
20161202,ID000PPDM12,18340.328
20161202,ID000PPDMN8,256715.81
20161202,ID000PPDXX3,8526673.0
20161202,ID000PPDZP7,227873.42
20161202,ID000PPG721,16291.662
20161202,ID000PPK520,61457.14
20161202,ID000PPPG76,25.731678
20161202,ID000PPVMB1,117547.086
20161202,ID000PPWL31,85148.96
20161202,ID000PQ0HD2,972.03503
20161202,ID000PQ32H8,975504.5
20161202,ID000PQHT57,1056971.1
20161202,ID000PQKTQ0,26355624.0
20161202,ID000PQKWN6,16482621.0
20161202,ID000PQNHQ3,429319.0
20161202,ID000PR0N38,3465.134
20161202,ID000PR8CT6,930.84753
20161202,ID000PR9QP8,411.22504
20161202,ID000PRB7N9,0.0
20161202,ID000PRCV46,76259.2
20161202,ID000PRFTN7,2051.91
20161202,ID000PRGH16,33485.715
20161202,ID000PRGVZ8,2819839.0
20161202,ID000PRMW98,0.0
20161202,ID000PRWXJ4,2717446.0
20161202,ID000PRX416,21677.82
20161202,ID000PRX7Q2,11100.601
20161202,ID000PRXBS1,370.5428
20161202,ID000PRXFM8,3830.75
20161202,ID000PRXSY7,27986.979
20161202,ID000PRZJS2,16707.695
20161202,ID000PSL2N7,473423.78
20161202,ID000PSQ9W7,23224.719
20161202,ID000PT2XP6,291523.47
20161202,ID000PT7GB3,0.0
20161202,ID000PTB6K0,6383472.5
20161202,ID000PTBF11,0.0
20161202,ID000PTBM16,5120630.5
20161202,ID000PTCFN6,0.0
20161202,ID000PTFG33,68785.59
20161202,ID000PTG8K1,4856.6797
20161202,ID000PTKXT2,4943.7803
20161202,ID000PTM548,903125.0
20161202,ID000PTTPK9,92194.59
20161202,ID000PTXSH2,21479.621
20161202,ID000PTYL77,591.8352
20161202,ID000PV05B9,569745.1
20161202,ID000PV54Y2,2097324.8
20161202,ID000PV6NV2,3004.6946
20161202,ID000PV9G35,14746.455
20161202,ID000PVLRP3,9780365.0
20161202,ID000PVTF99,66263.72
20161202,ID000PVVFN0,21892.95
20161202,ID000PVXT58,0.0
20161202,ID000PW12T4,48402004.0
20161202,ID000PW6Q25,127.19289
20161202,ID000PWFMG9,38215.74
20161202,ID000PWFPM5,79868.914
20161202,ID000PWM0Z8,105.81934
20161202,ID000PWMMT7,72691.32
20161202,ID000PWNBG4,2534970.5
20161202,ID000PWR8N9,60735.9
20161202,ID000PWRJW5,0.0
20161202,ID000PWS3K2,0.0
20161202,ID000PWVQC6,12364720.0
20161202,ID000PX0XW1,0.0
20161202,ID000PX4TZ3,0.0
20161202,ID000PX7PR7,5349.4927
20161202,ID000PX7R11,5521.075
20161202,ID000PX9FT5,0.0
20161202,ID000PXBZ27,0.0
20161202,ID000PXCBG4,18136.258
20161202,ID000PXCHG1,0.0
20161202,ID000PXCL36,0.0
20161202,ID000PXCNS5,0.0
20161202,ID000PXCQK6,0.0
20161202,ID000PXCSP7,0.0
20161202,ID000PXCW87,0.0
20161202,ID000PXCXM9,0.0
20161202,ID000PXCZD4,0.0
20161202,ID000PXD3N3,0.0
20161202,ID000PXD576,0.0
20161202,ID000PXN307,5361.037
20161202,ID000PXTNF1,285.093
20161202,ID000PXV246,61712.008
20161202,ID000PXV6L8,88.950516
20161202,ID000PXV7K7,69287.695
20161202,ID000PXW897,690.0846
20161202,ID000PY2FW6,375.5472
20161202,ID000PYLP80,7339606.0
20161202,ID000PYMD31,0.0
20161202,ID000PYMMT3,16598.242
20161202,ID000PYV0P5,19751.033
20161202,ID000PZC7S5,933156.0
20161202,ID000PZF999,194867.4
20161202,ID000PZFJ06,26156.018
20161202,ID000PZFNC4,230491.9
20161202,ID000PZFTF8,830902.3
20161202,ID000PZL7D1,0.0
20161202,ID000PZL7Y8,0.0
20161202,ID000PZL8F7,0.0
20161202,ID000PZL910,0.0
20161202,ID000PZL9D7,0.0
20161202,ID000PZL9Q3,0.0
20161202,ID000PZLQG6,0.0
20161202,ID000PZM483,62432.824
20161202,ID000PZNQG4,5580.977
20161202,ID000PZRY00,237708.92
20161202,ID000PZTRV9,2644194.5
20161202,ID000Q02F04,0.0
20161202,ID000Q0C499,0.0
20161202,ID000Q0C7M7,2220.3586
20161202,ID000Q0CR07,6825.981
20161202,ID000Q0CTX7,14188.641
20161202,ID000Q0CWN1,10037.599
20161202,ID000Q0DJK2,391472.34
20161202,ID000Q0LYX6,1237995.2
20161202,ID000Q0QSC7,38342.16
20161202,ID000Q0TT23,1971917.6
20161202,ID000Q0TXW1,16596.52
20161202,ID000Q0TZ92,14913.376
20161202,ID000Q0V1P6,25435.467
20161202,ID000Q0V2S1,21255.926
20161202,ID000Q0ZCH7,108491.266
20161202,ID000Q1F1K7,184604.53
20161202,ID000Q1K648,1189456.1
20161202,ID000Q1L8L4,0.0
20161202,ID000Q1MXR2,59108.746
20161202,ID000Q1PNV6,0.0
20161202,ID000Q1VNC0,4090.5803
20161202,ID000Q1W360,320387.8
20161202,ID000Q1YQB1,7110.0586
20161202,ID000Q20078,886254.3
20161202,ID000Q205H6,0.0
20161202,ID000Q24YN2,596540.4
20161202,ID000Q25DG5,0.0
20161202,ID000Q29VT7,27214.22
20161202,ID000Q29Z27,0.0
20161202,ID000Q2KBK7,0.0
20161202,ID000Q2KPV4,231064.28
20161202,ID000Q2KXL8,59260.633
20161202,ID000Q2LR21,65680.39
20161202,ID000Q2LSP4,807872.3
20161202,ID000Q2M0N6,21549.492
20161202,ID000Q2M2L4,47665.418
20161202,ID000Q2NZD9,474002.53
20161202,ID000Q2QW43,230.93391
20161202,ID000Q2RLD6,203379.05
20161202,ID000Q2RS05,236799.23
20161202,ID000Q2RWC3,1416171.8
20161202,ID000Q2RZW4,550905.3
20161202,ID000Q2S2D7,379770.4
20161202,ID000Q2S3P2,27405.6
20161202,ID000Q2S6Z4,1293834.4
20161202,ID000Q2S942,800533.5
20161202,ID000Q2WC04,9809.465
20161202,ID000Q2WGB3,225928.4
20161202,ID000Q2WK15,45825.734
20161202,ID000Q2WLS4,69356.23
20161202,ID000Q30BF3,6229.4
20161202,ID000Q30T82,0.0
20161202,ID000Q310N7,0.0
20161202,ID000Q313G9,0.0
20161202,ID000Q31583,0.0
20161202,ID000Q31949,0.0
20161202,ID000Q31C51,0.0
20161202,ID000Q31DK2,0.0
20161202,ID000Q31H23,0.0
20161202,ID000Q31L97,0.0
20161202,ID000Q31MS4,0.0
20161202,ID000Q31PY0,0.0
20161202,ID000Q323H7,0.0
20161202,ID000Q32519,0.0
20161202,ID000Q327M2,0.0
20161202,ID000Q32948,0.0
20161202,ID000Q32CG8,0.0
20161202,ID000Q32H59,0.0
20161202,ID000Q32K34,0.0
20161202,ID000Q32P51,0.0
20161202,ID000Q32R20,0.0
20161202,ID000Q32TS8,0.0
20161202,ID000Q32WQ3,0.0
20161202,ID000Q334Z4,0.0
20161202,ID000Q337V1,0.0
20161202,ID000Q33C77,0.0
20161202,ID000Q33GF9,0.0
20161202,ID000Q33P50,0.0
20161202,ID000Q33R65,0.0
20161202,ID000Q33TN2,0.0
20161202,ID000Q33W82,0.0
20161202,ID000Q33YV2,0.0
20161202,ID000Q34214,0.0
20161202,ID000Q344M7,0.0
20161202,ID000Q346S6,0.0
20161202,ID000Q349X4,0.0
20161202,ID000Q34CL0,0.0
20161202,ID000Q34FZ8,0.0
20161202,ID000Q34J35,0.0
20161202,ID000Q34L03,0.0
20161202,ID000Q34N81,0.0
20161202,ID000Q35197,1736.0435
20161202,ID000Q35ZP4,4354.3516
20161202,ID000Q362M9,7933053.5
20161202,ID000Q36454,101450.66
20161202,ID000Q365X0,513813.7
20161202,ID000Q368S0,255547.45
20161202,ID000Q36BQ5,852117.1
20161202,ID000Q36ZZ2,899329.94
20161202,ID000Q371X8,49644.168
20161202,ID000Q38CQ1,3191.4026
20161202,ID000Q38VZ9,80410.27
20161202,ID000Q39282,11489.982
20161202,ID000Q39DF0,0.0
20161202,ID000Q3BMX7,0.0
20161202,ID000Q3GD80,56852.184
20161202,ID000Q3KCX9,1806538.1
20161202,ID000Q3KF53,747894.56
20161202,ID000Q3M3K1,0.0
20161202,ID000Q3V483,164.22
20161202,ID000Q3WK86,496258.84
20161202,ID000Q3ZFB0,4272.4077
20161202,ID000Q3ZMK5,1289660.6
20161202,ID000Q3ZQZ0,49020.63
20161202,ID000Q46522,0.0
20161202,ID000Q477J9,51225.56
20161202,ID000Q47B91,0.0
20161202,ID000Q49WZ4,5140674.5
20161202,ID000Q4DQB8,0.0
20161202,ID000Q4DXY8,68655.58
20161202,ID000Q4GPB7,38308.797
20161202,ID000Q4H2Y2,8283.304
20161202,ID000Q4HSR3,1058.8882
20161202,ID000Q4HVP8,0.0
20161202,ID000Q4J9R3,893.8373
20161202,ID000Q4MJ79,43647.234
20161202,ID000Q4MWV3,23869.516
20161202,ID000Q4S289,10771296.0
20161202,ID000Q4XHZ0,0.0
20161202,ID000Q51J15,0.0
20161202,ID000Q51MJ9,0.0
20161202,ID000Q51Q28,0.0
20161202,ID000Q51QS0,0.0
20161202,ID000Q51VH1,0.0
20161202,ID000Q51XQ7,0.0
20161202,ID000Q51Z91,1961.16
20161202,ID000Q521J4,43892.14
20161202,ID000Q522Z4,11534.711
20161202,ID000Q524K6,0.0
20161202,ID000Q52630,19655.201
20161202,ID000Q528K7,0.0
20161202,ID000Q52BJ2,0.0
20161202,ID000Q52DH0,0.0
20161202,ID000Q52G56,0.0
20161202,ID000Q52HX3,0.0
20161202,ID000Q52LZ2,0.0
20161202,ID000Q52NF0,0.0
20161202,ID000Q52SH7,0.0
20161202,ID000Q52VF2,0.0
20161202,ID000Q52X40,0.0
20161202,ID000Q52YP5,0.0
20161202,ID000Q53041,0.0
20161202,ID000Q55X65,0.0
20161202,ID000Q55YH1,1710510.9
20161202,ID000Q56020,595571.44
20161202,ID000Q561Q2,14361.756
20161202,ID000Q56RK1,0.0
20161202,ID000Q5B300,0.0
20161202,ID000Q5B809,10.382988
20161202,ID000Q5K4G1,8339.843
20161202,ID000Q5KDR9,11353.33
20161202,ID000Q5KJZ7,73669.86
20161202,ID000Q5KZ09,3928071.8
20161202,ID000Q5LWL2,3357.681
20161202,ID000Q5M7S9,73660.69
20161202,ID000Q5RFQ8,60.4
20161202,ID000Q5V8Q9,1426.9515
20161202,ID000Q5WN85,0.0
20161202,ID000Q5XRX7,76217.625
20161202,ID000Q5Z331,1.90044
20161202,ID000Q5Z493,17017.166
20161202,ID000Q60952,8220.87
20161202,ID000Q61MD3,0.0
20161202,ID000Q63F46,37556.99
20161202,ID000Q63G26,0.0
20161202,ID000Q63HC3,27865.549
20161202,ID000Q63JW7,34447.387
20161202,ID000Q63ZW1,307057.12
20161202,ID000Q64F54,3792941.0
20161202,ID000Q65SS0,13101.219
20161202,ID000Q669H3,133437.56
20161202,ID000Q66CY7,1606402.5
20161202,ID000Q66FV3,232633.78
20161202,ID000Q66H30,346780.9
20161202,ID000Q66P50,84836.984
20161202,ID000Q66S63,84020.086
20161202,ID000Q66VM8,36601.133
20161202,ID000Q66YX0,2073236.0
20161202,ID000Q67R91,12356.71
20161202,ID000Q681W1,21628.172
20161202,ID000Q682D0,22168.967
20161202,ID000Q69KD9,0.0
20161202,ID000Q6P3L0,53095.547
20161202,ID000Q6SSM1,56914.05
20161202,ID000Q6V3X0,9883.739
20161202,ID000Q6V7G0,0.0
20161202,ID000Q6V921,14882.583
20161202,ID000Q6WDW8,217273.9
20161202,ID000Q705N8,537535.4
20161202,ID000Q70G90,109390.445
20161202,ID000Q70H25,2055632.2
20161202,ID000Q7BSQ3,3698431.5
20161202,ID000Q7GD09,4090818.2
20161202,ID000Q7LKP0,125.18787
20161202,ID000Q7LN83,71.98746
20161202,ID000Q7QND2,8209.5
20161202,ID000Q7RYK9,23255.67
20161202,ID000Q7S0N9,6911.52
20161202,ID000Q7S317,847133.1
20161202,ID000Q83624,0.0
20161202,ID000Q85GM8,457928.62
20161202,ID000Q8CMM7,11476.259
20161202,ID000Q8DM46,115403.44
20161202,ID000Q8DPG6,52281.863
20161202,ID000Q8DQV7,81390.016
20161202,ID000Q8F907,55199.008
20161202,ID000Q8TN74,17511.252
20161202,ID000Q8TRT1,0.0
20161202,ID000Q8Y1Z5,202436.5
20161202,ID000Q8ZWB2,121095.09
20161202,ID000Q908X7,0.0
20161202,ID000Q92PV9,60461.812
20161202,ID000Q92S43,173976.23
20161202,ID000Q94550,0.0
20161202,ID000Q947L8,1675660.5
20161202,ID000Q94ZV5,16234998.0
20161202,ID000Q98WQ4,0.0
20161202,ID000Q98ZT4,0.0
20161202,ID000Q99813,14.293243
20161202,ID000Q9FSC0,0.0
20161202,ID000Q9JY88,1496.76
20161202,ID000Q9KXR7,85640.945
20161202,ID000Q9R6P1,3.3105
20161202,ID000Q9TVP4,18860670.0
20161202,ID000Q9ZS65,4967.13
20161202,ID000Q9ZVY7,0.0
20161202,ID000QB04X1,2163759.0
20161202,ID000QB2RD0,15568.805
20161202,ID000QB3226,14368.401
20161202,ID000QB36V5,2870444.2
20161202,ID000QB3F63,102436.54
20161202,ID000QB4R66,835930.2
20161202,ID000QB7Q38,215309.36
20161202,ID000QB88T9,0.0
20161202,ID000QB9DK6,0.0
20161202,ID000QB9MY1,0.0
20161202,ID000QBBQF0,0.0
20161202,ID000QBCD95,0.0
20161202,ID000QBCWS2,86223.39
20161202,ID000QBD216,146275.2
20161202,ID000QBD6W3,66432.6
20161202,ID000QBD8M0,144501.61
20161202,ID000QBFM38,0.0
20161202,ID000QBMZ40,91104.375
20161202,ID000QBWB79,6073.717
20161202,ID000QBWDQ4,7081.0186
20161202,ID000QBWGC2,0.0
20161202,ID000QC0N21,1870913.2
20161202,ID000QC0PX2,61121.465
20161202,ID000QC0RZ6,3627.237
20161202,ID000QC1CK4,45.393444
20161202,ID000QC7FM9,4266355.5
20161202,ID000QCBJ82,2561.5017
20161202,ID000QCF374,6296.0796
20161202,ID000QCKCL2,0.0
20161202,ID000QCKDD9,0.0
20161202,ID000QCLPM1,3019.8477
20161202,ID000QCNDF4,44959.77
20161202,ID000QCP8K7,1210543.4
20161202,ID000QCPT58,8024.2627
20161202,ID000QCPV62,583846.1
20161202,ID000QCQ3B7,9594.904
20161202,ID000QCQ9T5,308456.88
20161202,ID000QCQJM0,5443.3457
20161202,ID000QCQSV0,320999.62
20161202,ID000QCR1G5,22822.164
20161202,ID000QCRH52,632188.94
20161202,ID000QCRK82,9422.766
20161202,ID000QCRRC2,55170.695
20161202,ID000QCRS67,46326.74
20161202,ID000QCRVV2,52610.25
20161202,ID000QCRWY7,32783.758
20161202,ID000QCRYV6,685989.4
20161202,ID000QCS021,27745.25
20161202,ID000QCS209,3540.933
20161202,ID000QCS4T4,9881.275
20161202,ID000QCS5X6,85415.65
20161202,ID000QCS8K4,111962.31
20161202,ID000QCSZR7,17790618.0
20161202,ID000QCYGQ3,433254.9
20161202,ID000QCYK93,0.0
20161202,ID000QCYXV0,316713.94
20161202,ID000QD0Y98,13225.96
20161202,ID000QD10G3,34422.59
20161202,ID000QD2WG2,0.0
20161202,ID000QD86H2,5895741.5
20161202,ID000QD8897,36735.203
20161202,ID000QD8QV2,90672.62
20161202,ID000QD92W3,76239.2
20161202,ID000QDB5J8,3812264.2
20161202,ID000QDC320,2338181.5
20161202,ID000QDCWV4,140058930.0
20161202,ID000QDDB49,446132.03
20161202,ID000QDDCR2,0.0
20161202,ID000QDF9S6,74631.07
20161202,ID000QDG246,45577.742
20161202,ID000QDMW25,3546.4043
20161202,ID000QDQ6Q2,0.0
20161202,ID000QDQ8Z8,0.0
20161202,ID000QDW7J1,0.0
20161202,ID000QDWVF2,8795.65
20161202,ID000QDXX76,507652.6
20161202,ID000QDYZT6,213551.5
20161202,ID000QDZ343,53983.285
20161202,ID000QDZ5F6,104879.4
20161202,ID000QDZ6Y3,80545.7
20161202,ID000QF2B46,87499.336
20161202,ID000QF2DC3,2967507.5
20161202,ID000QF34Q7,28052.348
20161202,ID000QF5KY0,0.0
20161202,ID000QF5QN9,0.0
20161202,ID000QF5S64,20720.416
20161202,ID000QF5V12,0.0
20161202,ID000QF5YT6,5608.2583
20161202,ID000QF6064,14008.829
20161202,ID000QF79N5,0.0
20161202,ID000QF8RS9,5625848.5
20161202,ID000QF8XR7,867593.1
20161202,ID000QFFSG2,0.0
20161202,ID000QFNT53,105137.664
20161202,ID000QFQDG3,245117.4
20161202,ID000QFV949,0.0
20161202,ID000QFWG15,207301.78
20161202,ID000QG3PT5,0.0
20161202,ID000QG3RJ2,0.0
20161202,ID000QG3V85,0.0
20161202,ID000QG4J81,0.0
20161202,ID000QG7CF5,0.0
20161202,ID000QG7FD0,0.0
20161202,ID000QG8D99,0.0
20161202,ID000QG8GL8,0.0
20161202,ID000QG8J32,0.0
20161202,ID000QGFZL8,1527841.2
20161202,ID000QGP962,0.0
20161202,ID000QGPBV9,0.0
20161202,ID000QGTY45,9856.729
20161202,ID000QGXNT7,0.0
20161202,ID000QGZPH3,7544693.5
20161202,ID000QH0DW9,0.0
20161202,ID000QH2MN7,4631150.5
20161202,ID000QH6PT0,17368.523
20161202,ID000QH6W60,2210.5146
20161202,ID000QH9BP2,0.0
20161202,ID000QHGNX9,60381.223
20161202,ID000QHK545,11082.116
20161202,ID000QHMT14,0.0
20161202,ID000QHN2C0,2762.7424
20161202,ID000QHQBL7,233774.11
20161202,ID000QHQPZ1,0.0
20161202,ID000QHQRY8,1663.4156
20161202,ID000QHT3W0,110428.53
20161202,ID000QHX391,886782.2
20161202,ID000QJ50P6,38467.81
20161202,ID000QJ5245,19987.08
20161202,ID000QJ5PT7,6117213.0
20161202,ID000QJ67T6,3194.2263
20161202,ID000QJ6NG5,662880.75
20161202,ID000QJCJJ4,1186.7705
20161202,ID000QJCWV1,111756.62
20161202,ID000QJDTS1,456158.75
20161202,ID000QJKZW4,162467.88
20161202,ID000QJQXY1,36163.88
20161202,ID000QJSGW8,0.0
20161202,ID000QJTCX5,0.0
20161202,ID000QJW281,70355.76
20161202,ID000QJYGK4,0.0
20161202,ID000QK0924,0.0
20161202,ID000QK0FB0,11662.772
20161202,ID000QK15P6,1747266.6
20161202,ID000QK2R13,27157.645
20161202,ID000QK2SL9,0.0
20161202,ID000QK2V96,1008.9658
20161202,ID000QK2WP6,4392.852
20161202,ID000QK2XS1,0.0
20161202,ID000QK30B0,1053.8367
20161202,ID000QK3299,8624.152
20161202,ID000QK33M2,0.0
20161202,ID000QK3510,0.0
20161202,ID000QK39Q5,0.0
20161202,ID000QK3CQ8,232187.53
20161202,ID000QK3FY2,4628.8516
20161202,ID000QK3HG8,3679.7397
20161202,ID000QK7RJ9,0.0
20161202,ID000QK7RP2,0.0
20161202,ID000QK8R71,0.0
20161202,ID000QK8RP1,0.0
20161202,ID000QK8RW3,0.0
20161202,ID000QK8W89,0.0
20161202,ID000QK9B93,0.0
20161202,ID000QKB2P2,0.0
20161202,ID000QKB5D8,0.0
20161202,ID000QKB5Q4,0.0
20161202,ID000QKB600,0.0
20161202,ID000QKB6G3,0.0
20161202,ID000QKB7G1,0.0
20161202,ID000QKC8P8,5557.3706
20161202,ID000QKH2R4,0.0
20161202,ID000QLFYM9,27286.25
20161202,ID000QLH229,24064.943
20161202,ID000QLH700,28612.287
20161202,ID000QLHQY1,139050.3
20161202,ID000QLK573,268554.06
20161202,ID000QLKZD0,2968627.8
20161202,ID000QLL2C3,10587.813
20161202,ID000QLLD20,150649.17
20161202,ID000QLQ9K4,0.0
20161202,ID000QLQPX4,39191.12
20161202,ID000QLTYJ8,4785203.0
20161202,ID000QLVP77,25120.041
20161202,ID000QM3LP5,0.0
20161202,ID000QM4TC1,556205.75
20161202,ID000QM4YF7,945361.44
20161202,ID000QM6DD3,257120.77
20161202,ID000QMBWG2,1272.5803
20161202,ID000QMD0S7,332.28766
20161202,ID000QMG317,47.65941
20161202,ID000QMH3X1,1184.067
20161202,ID000QMPFL8,7347028.0
20161202,ID000QMV4C6,22889.729
20161202,ID000QMV819,0.0
20161202,ID000QMVYG6,0.0
20161202,ID000QN4HR9,0.0
20161202,ID000QN53J8,55095.582
20161202,ID000QN6M87,5038.7456
20161202,ID000QN86R9,0.0
20161202,ID000QNK070,54929.023
20161202,ID000QNKV09,8291.724
20161202,ID000QNRZ76,278490.78
20161202,ID000QNSBV1,21457.41
20161202,ID000QNXKD5,1958.94
20161202,ID000QNYBH0,94.219444
20161202,ID000QNZ7B4,167927.72
20161202,ID000QP0656,69441.375
20161202,ID000QP1XZ3,782242.7
20161202,ID000QP5FT5,1263872.6
20161202,ID000QP9QM4,0.0
20161202,ID000QPCHP7,543363.0
20161202,ID000QPHXZ6,6196.736
20161202,ID000QPJM79,73328.54
20161202,ID000QPN8T1,0.0
20161202,ID000QPNCX7,0.0
20161202,ID000QPNHN7,0.0
20161202,ID000QPNQR3,0.0
20161202,ID000QPNST7,0.0
20161202,ID000QPNZ11,0.0
20161202,ID000QPRF75,5713.9814
20161202,ID000QPTT28,27137.799
20161202,ID000QPV7C2,103408.43
20161202,ID000QPYLM7,225655.5
20161202,ID000QPYN34,318280.25
20161202,ID000QPYPR3,39125.758
20161202,ID000QPYR26,234780.44
20161202,ID000QQ0TV5,33126.57
20161202,ID000QQ6S78,50283.355
20161202,ID000QQCVC8,13664159.0
20161202,ID000QQF0Q8,1160.0587
20161202,ID000QQF211,3381.7805
20161202,ID000QQF9M3,9044.9795
20161202,ID000QQTZ40,1004826.4
20161202,ID000QR2CQ4,4898.779
20161202,ID000QR9HL1,8050.572
20161202,ID000QRCSC3,91.0764
20161202,ID000QRKWN3,170438.89
20161202,ID000QRKZQ3,128527.35
20161202,ID000QRL1Y8,1758.6859
20161202,ID000QRL3S1,31552.896
20161202,ID000QRL6H6,0.0
20161202,ID000QRMGR2,65034.13
20161202,ID000QRNGT9,327485.7
20161202,ID000QRPC52,1014762.9
20161202,ID000QRPD96,4624196.0
20161202,ID000QRS5K7,63335.312
20161202,ID000QRSF89,0.0
20161202,ID000QRSLT3,15189.21
20161202,ID000QRVRB5,223582.34
20161202,ID000QRXP81,211526.69
20161202,ID000QRZ8V1,0.0
20161202,ID000QS1B94,0.0
20161202,ID000QS4S49,44575.68
20161202,ID000QS9JB6,15.25104
20161202,ID000QSDP63,101942.33
20161202,ID000QSDXN7,38809096.0
20161202,ID000QSJTG8,22286.955
20161202,ID000QSJW35,0.0
20161202,ID000QSJYV0,0.0
20161202,ID000QSK1B2,0.0
20161202,ID000QSK4N3,0.0
20161202,ID000QSK6D9,0.0
20161202,ID000QSK9P0,0.0
20161202,ID000QSKBQ4,0.0
20161202,ID000QSKDZ0,0.0
20161202,ID000QSKGQ3,0.0
20161202,ID000QSKJW0,0.0
20161202,ID000QSPGV2,1046.3438
20161202,ID000QSV095,0.0
20161202,ID000QSZCZ6,115200.79
20161202,ID000QSZKH8,55450.74
20161202,ID000QSZN73,633123.06
20161202,ID000QT0T12,58028.48
20161202,ID000QTGPZ6,1032.8533
20161202,ID000QTMWT1,34751.984
20161202,ID000QTWZ31,12569600.0
20161202,ID000QTZ712,0.0
20161202,ID000QTZ9Z1,57930.66
20161202,ID000QTZDR1,161048.33
20161202,ID000QTZFV1,141017.44
20161202,ID000QV2278,3296171.2
20161202,ID000QV25R9,20702.809
20161202,ID000QV27P7,17500.232
20161202,ID000QV29Q2,814966.6
20161202,ID000QV2CS3,294188.1
20161202,ID000QV2DP4,1245210.2
20161202,ID000QV3SQ9,2112.099
20161202,ID000QVKPT3,24118.166
20161202,ID000QVNG01,395757.2
20161202,ID000QVQSH4,93106.29
20161202,ID000QVR7M3,15807.076
20161202,ID000QVS3Y8,134837.4
20161202,ID000QVS5P3,351146.3
20161202,ID000QVT5P2,740.91864
20161202,ID000QVWR34,23788.107
20161202,ID000QW0DG4,5676.8247
20161202,ID000QW0G77,10667.55
20161202,ID000QW3970,818.69995
20161202,ID000QW3NQ8,0.0
20161202,ID000QW6Q42,0.0
20161202,ID000QW6SG5,60798.566
20161202,ID000QW7M40,0.0
20161202,ID000QW7NM8,520200.0
20161202,ID000QW7QG8,497167.22
20161202,ID000QW7RC0,295256.25
20161202,ID000QW89K0,0.0
20161202,ID000QW8CC2,0.0
20161202,ID000QW8DC0,0.0
20161202,ID000QW9Y88,151850.88
20161202,ID000QWJP13,0.0
20161202,ID000QWJQ84,9097.92
20161202,ID000QWK3M7,465.7961
20161202,ID000QWK784,176229.95
20161202,ID000QWP896,389612.97
20161202,ID000QWQ5M6,142015.9
20161202,ID000QWQ9P5,1909.5043
20161202,ID000QX18B7,246996.33
20161202,ID000QX19J7,143193260.0
20161202,ID000QX1ZQ1,56713.04
20161202,ID000QX79N6,141956.5
20161202,ID000QX7DY5,140167.53
20161202,ID000QX7FZ9,265500.9
20161202,ID000QX7HG6,1665912.9
20161202,ID000QX7NK8,207156100.0
20161202,ID000QX8C12,1228866.1
20161202,ID000QX8J26,0.0
20161202,ID000QXC9D1,101892.0
20161202,ID000QXCCF2,0.0
20161202,ID000QXCG81,0.0
20161202,ID000QXCJK1,6849.6753
20161202,ID000QXCLP1,0.0
20161202,ID000QXM5Q4,6058380.5
20161202,ID000QXQZ84,1590992.8
20161202,ID000QXSFB2,53917.594
20161202,ID000QXW761,0.0
20161202,ID000QXWCZ8,25136.865
20161202,ID000QXX403,639451.06
20161202,ID000QXZ2D1,3524661.5
20161202,ID000QY2ZB4,0.0
20161202,ID000QY89V4,1694.8464
20161202,ID000QYCVW9,152.01703
20161202,ID000QYDCX9,1228036.6
20161202,ID000QYDDZ5,9405.843
20161202,ID000QYDGH8,2611.0208
20161202,ID000QYQVK7,615531.8
20161202,ID000QYW5Y2,0.0
20161202,ID000QYW849,0.0
20161202,ID000QYZBH5,33.096
20161202,ID000QZ4570,385973.6
20161202,ID000QZ7N23,0.0
20161202,ID000QZ8HH9,26707.336
20161202,ID000QZ8KN5,74182.53
20161202,ID000QZ8S85,0.0
20161202,ID000QZ8TV7,0.0
20161202,ID000QZG8R9,0.0
20161202,ID000QZGBX5,94733.21
20161202,ID000QZGDV3,58175.34
20161202,ID000QZGNG8,8854.727
20161202,ID000QZGZR9,0.0
20161202,ID000QZH175,0.0
20161202,ID000QZH4N1,0.0
20161202,ID000QZH6L8,0.0
20161202,ID000QZH7J9,0.0
20161202,ID000QZH8Z9,0.0
20161202,ID000QZHBL7,0.0
20161202,ID000QZHDL3,0.0
20161202,ID000QZHG81,0.0
20161202,ID000QZHLP1,0.0
20161202,ID000QZHNM0,0.0
20161202,ID000QZHQB5,0.0
20161202,ID000QZHR23,0.0
20161202,ID000QZHS30,0.0
20161202,ID000QZHVZ8,0.0
20161202,ID000QZHY46,0.0
20161202,ID000QZJ1H2,0.0
20161202,ID000QZJ2G1,0.0
20161202,ID000QZJ5P4,0.0
20161202,ID000QZJ6W4,0.0
20161202,ID000QZJ8C2,0.0
20161202,ID000QZJC24,0.0
20161202,ID000QZJFH1,0.0
20161202,ID000QZJHR6,23954.941
20161202,ID000QZJNF6,0.0
20161202,ID000QZJPP0,0.0
20161202,ID000QZJR85,0.0
20161202,ID000QZJW20,0.0
20161202,ID000QZJYZ0,0.0
20161202,ID000QZK0F4,0.0
20161202,ID000QZK3D0,0.0
20161202,ID000QZK661,2317.48
20161202,ID000QZK8B1,0.0
20161202,ID000QZKCV0,0.0
20161202,ID000QZKG96,0.0
20161202,ID000QZKJR0,0.0
20161202,ID000QZKM57,0.0
20161202,ID000QZKP32,0.0
20161202,ID000QZKQF7,0.0
20161202,ID000QZKRF5,0.0
20161202,ID000QZKTY0,0.0
20161202,ID000QZKX26,0.0
20161202,ID000QZKYT5,0.0
20161202,ID000QZL1C4,0.0
20161202,ID000QZL456,0.0
20161202,ID000QZL5C5,0.0
20161202,ID000QZL7Q6,0.0
20161202,ID000QZQDL3,321898.0
20161202,ID000QZQN13,11088.519
20161202,ID000QZRX01,13731.451
20161202,ID000QZS976,4899.256
20161202,ID000QZYG19,6245.862
20161202,ID000QZZCL5,0.0
20161202,ID000R0BJQ7,0.0
20161202,ID000R0CC90,224088.06
20161202,ID000R0CRZ8,13343.585
20161202,ID000R0DZB5,0.0
20161202,ID000R0F0X6,4492010.5
20161202,ID000R0GC05,247034.02
20161202,ID000R0JD46,0.0
20161202,ID000R0RW18,634279.2
20161202,ID000R0S0D4,524738.94
20161202,ID000R10H81,0.0
20161202,ID000R10HP2,6906.2446
20161202,ID000R10HT8,0.0
20161202,ID000R10J69,26684.646
20161202,ID000R11TH4,6275.9736
20161202,ID000R11XG6,215335.81
20161202,ID000R121N7,13798.371
20161202,ID000R12BQ2,26868.525
20161202,ID000R12GX3,0.0
20161202,ID000R12HG0,7680.424
20161202,ID000R12RK3,5810.1577
20161202,ID000R12SX7,317883.56
20161202,ID000R12V42,1137.8062
20161202,ID000R14LB4,55797.77
20161202,ID000R1BL99,10076.68
20161202,ID000R1BW59,32766.592
20161202,ID000R1CB72,373930.0
20161202,ID000R1CRY7,8141.636
20161202,ID000R1D8W0,38184.406
20161202,ID000R1KXB0,0.0
20161202,ID000R1KZJ7,3234.2373
20161202,ID000R1MC79,468746.03
20161202,ID000R1RLS1,71495.93
20161202,ID000R1RPX6,0.0
20161202,ID000R1SSS5,36926.418
20161202,ID000R1TT93,0.0
20161202,ID000R1V510,27657.92
20161202,ID000R1VD77,0.0
20161202,ID000R1VFN4,1525.2234
20161202,ID000R1VJ01,0.0
20161202,ID000R1VM13,0.0
20161202,ID000R1WBH9,0.0
20161202,ID000R1XRQ3,73637.52
20161202,ID000R1Z428,39207.9
20161202,ID000R1Z5X1,0.0
20161202,ID000R1Z874,2710672.8
20161202,ID000R1Z8H3,0.0
20161202,ID000R1ZB31,0.0
20161202,ID000R1ZC75,0.0
20161202,ID000R1ZDZ2,0.0
20161202,ID000R1ZH47,0.0
20161202,ID000R1ZWH0,11994.502
20161202,ID000R204P9,0.0
20161202,ID000R20CJ8,0.0
20161202,ID000R20GN4,8656.368
20161202,ID000R20J49,9619.718
20161202,ID000R20LN3,0.0
20161202,ID000R20ND0,0.0
20161202,ID000R20QS7,0.0
20161202,ID000R20SR4,0.0
20161202,ID000R20W04,0.0
20161202,ID000R20XH4,0.0
20161202,ID000R20Z43,0.0
20161202,ID000R211F5,0.0
20161202,ID000R23KG0,18296.13
20161202,ID000R24JP2,0.0
20161202,ID000R24LH6,0.0
20161202,ID000R29G64,8624.267
20161202,ID000R2C163,0.0
20161202,ID000R2C9G5,1866806.6
20161202,ID000R2F428,2449952.2
20161202,ID000R2PQD6,2958550.2
20161202,ID000R2SMP9,167.93282
20161202,ID000R2SRK3,0.0
20161202,ID000R2T174,541.161
20161202,ID000R2W2J5,1152109.6
20161202,ID000R2WML8,938691.94
20161202,ID000R2WPD0,34038.0
20161202,ID000R2WS44,1721385.4
20161202,ID000R2WZ84,133009.6
20161202,ID000R2XHR2,0.0
20161202,ID000R2XL57,0.0
20161202,ID000R2XMW5,0.0
20161202,ID000R2XQG4,175888.7
20161202,ID000R2XRD5,1944723.1
20161202,ID000R2Y6P7,0.0
20161202,ID000R2YLZ3,836.2622
20161202,ID000R2ZSF9,72410.625
20161202,ID000R30QS5,1588.686
20161202,ID000R30S01,6616.15
20161202,ID000R30XB8,4507207.0
20161202,ID000R30ZS5,1229517.5
20161202,ID000R32787,2820.0195
20161202,ID000R333K1,0.0
20161202,ID000R33VS1,1087.9933
20161202,ID000R3CZ84,0.0
20161202,ID000R3J976,61765.844
20161202,ID000R3KG05,1576.4122
20161202,ID000R3KV93,289.26788
20161202,ID000R3M473,0.0
20161202,ID000R3PW50,10745.388
20161202,ID000R3S4X8,4146.5547
20161202,ID000R3YQ26,1127580.1
20161202,ID000R3Z9V1,0.0
20161202,ID000R44Z09,0.0
20161202,ID000R450J5,0.0
20161202,ID000R451J3,0.0
20161202,ID000R452M7,0.0
20161202,ID000R455Q6,0.0
20161202,ID000R457D6,0.0
20161202,ID000R459K4,0.0
20161202,ID000R45D98,0.0
20161202,ID000R45FZ4,130268.72
20161202,ID000R45GK8,212835.0
20161202,ID000R46B55,166282.3
20161202,ID000R4B286,194512.52
20161202,ID000R4B4H2,95850.49
20161202,ID000R4B794,9156.984
20161202,ID000R4BBQ6,9993.904
20161202,ID000R4BFB3,56555.418
20161202,ID000R4BN53,375.40738
20161202,ID000R4BQJ1,37852.33
20161202,ID000R4BXG9,9104.959
20161202,ID000R4C1T4,1346.8286
20161202,ID000R4C4F3,30212.719
20161202,ID000R4C6Q6,278097.25
20161202,ID000R4C926,109238.77
20161202,ID000R4CCX5,133590.58
20161202,ID000R4CGB0,90556.9
20161202,ID000R4CKH5,12585.748
20161202,ID000R4CNF1,3913281.5
20161202,ID000R4CQ37,2584.9998
20161202,ID000R4CSR7,188162.22
20161202,ID000R4CYV9,28643.416
20161202,ID000R4DM71,499873.06
20161202,ID000R4DP01,132523.36
20161202,ID000R4DSS5,4551.0454
20161202,ID000R4DVK6,6718.6284
20161202,ID000R4DXX8,66292.35
20161202,ID000R4FRL2,493839.53
20161202,ID000R4FTD7,15735.73
20161202,ID000R4FXH4,27608.627
20161202,ID000R4G3C4,156336.56
20161202,ID000R4N7Q2,1756.48
20161202,ID000R4R8S4,2339709.0
20161202,ID000R4RBT6,2632461.2
20161202,ID000R4RKJ7,1266.58
20161202,ID000R4VP01,1480.7369
20161202,ID000R4W096,74851.164
20161202,ID000R4XP81,11094.98
20161202,ID000R4XQ70,60069.39
20161202,ID000R4XRT4,103298.984
20161202,ID000R4XVZ8,2658.3315
20161202,ID000R503R2,0.0
20161202,ID000R50KJ3,0.0
20161202,ID000R51D35,101084.99
20161202,ID000R51H81,2942.1895
20161202,ID000R51NV2,0.0
20161202,ID000R51V08,0.0
20161202,ID000R521K1,0.0
20161202,ID000R526X6,0.0
20161202,ID000R52DK5,0.0
20161202,ID000R52ZY1,406.27396
20161202,ID000R55VV0,0.0
20161202,ID000R56403,3066.8022
20161202,ID000R58VL8,20715742.0
20161202,ID000R59CS2,127137.24
20161202,ID000R5C2Z2,19040.719
20161202,ID000R5C4N1,313199.88
20161202,ID000R5D8F0,0.0
20161202,ID000R5D913,0.0
20161202,ID000R5D9M0,0.0
20161202,ID000R5DTB8,9793.0
20161202,ID000R5K7L7,675.0432
20161202,ID000R5K9K4,0.0
20161202,ID000R5K9V2,398219.0
20161202,ID000R5KD70,0.0
20161202,ID000R5KDS7,65590.35
20161202,ID000R5RDC7,48917.6
20161202,ID000R5VH15,3682.485
20161202,ID000R5XZK2,607481.56
20161202,ID000R5Y0T9,525954.75
20161202,ID000R5Y1R9,330469.03
20161202,ID000R66BH7,141056.27
20161202,ID000R67H74,93273.17
20161202,ID000R67JR8,254390.12
20161202,ID000R69QQ1,0.0
20161202,ID000R69RV3,0.0
20161202,ID000R69TG6,26257.398
20161202,ID000R6FNW4,0.0
20161202,ID000R6HKY6,864.006
20161202,ID000R6L2T7,4.4268
20161202,ID000R6L5B9,717816.25
20161202,ID000R6L6P2,276934.22
20161202,ID000R6L930,148023.38
20161202,ID000R6Y2W9,0.0
20161202,ID000R71CK4,27012.338
20161202,ID000R890C9,11341.112
20161202,ID000R8GK00,24958.309
20161202,ID000R8GQT6,0.0
20161202,ID000R8H4G8,19887.084
20161202,ID000R8H735,147543.42
20161202,ID000R8H9Y7,563497.8
20161202,ID000R8HDM1,0.0
20161202,ID000R8HG44,0.0
20161202,ID000R8HJ39,615051.0
20161202,ID000R8HNC0,424488.28
20161202,ID000R8HQ97,9994.318
20161202,ID000R8HSC9,14167.532
20161202,ID000R8X7F4,171443.2
20161202,ID000R95LL5,700180.9
20161202,ID000R960Y6,180811.7
20161202,ID000RBX0X2,0.0
20161202,ID000RC7Q99,0.0
20161202,ID000RC9S48,0.0
20161202,ID000RCB108,0.0
20161202,ID000RCH175,46990.348
20161202,ID000RCHPD5,26154.883
20161202,ID000RCHW59,21181066.0
20161202,ID000RCJW39,351851.8
20161202,ID000RCJWZ4,318584.9
20161202,ID000RCKV66,9720.186
20161202,ID000RCKZD9,8740.052
20161202,ID000RCL1N2,168952.78
20161202,ID000RCL4F5,495820.28
20161202,ID000RCL660,181.08144
20161202,ID000RCL7G7,0.0
20161202,ID000RCL9S0,0.0
20161202,ID000RCLD74,0.0
20161202,ID000RCLG40,0.0
20161202,ID000RCLGQ6,0.0
20161202,ID000RCLHZ4,103518.27
20161202,ID000RCLPJ4,52939.785
20161202,ID000RCLW81,312603.0
20161202,ID000RCM151,779907.5
20161202,ID000RCM605,76926.61
20161202,ID000RCRBY2,0.0
20161202,ID000RCRSN7,891153.06
20161202,ID000RCRXG4,1682.698
20161202,ID000RCT243,115.3332
20161202,ID000RCTB16,0.0
20161202,ID000RCTDT2,0.0
20161202,ID000RCWV18,0.0
20161202,ID000RD7MV1,39102.83
20161202,ID000RDDTC0,483.14725
20161202,ID000RDFN68,0.0
20161202,ID000RDM8N4,55008.668
20161202,ID000RDW336,0.0
20161202,ID000RDZZ78,0.9960299
20161202,ID000RF05P7,577932.4
20161202,ID000RFVYL4,5779.502
20161202,ID000RFWKX0,36992.758
20161202,ID000RFZLF5,0.0
20161202,ID000RG6659,28478.893
20161202,ID000RG6D72,956581.1
20161202,ID000RG6ZJ0,0.0
20161202,ID000RG9MF0,0.0
20161202,ID000RGBJM6,114735.49
20161202,ID000RGBNP4,10266.525
20161202,ID000RGBR20,4967997.0
20161202,ID000RGBRW7,4483991.0
20161202,ID000RGCZ12,92746.09
20161202,ID000RGKR48,1707.0487
20161202,ID000RGP1N9,123758.37
20161202,ID000RGTWR3,0.0
20161202,ID000RGV9C7,15501.981
20161202,ID000RGZ470,0.0
20161202,ID000RGZHM4,10900.147
20161202,ID000RH0CY8,706.88477
20161202,ID000RH4B21,0.0
20161202,ID000RH8NJ3,31319.441
20161202,ID000RH9YV4,128666.87
20161202,ID000RHBHJ2,6856240.0
20161202,ID000RHC366,2677.08
20161202,ID000RHNLC7,8.9952
20161202,ID000RHNQD5,367857.9
20161202,ID000RHTR92,923.2123
20161202,ID000RHXMB5,0.0
20161202,ID000RHY8M3,17657.973
20161202,ID000RJ13V6,5260923.0
20161202,ID000RJ1B93,150594.42
20161202,ID000RJ1LW5,0.0
20161202,ID000RJ3Z89,3898750.2
20161202,ID000RJ7563,0.0
20161202,ID000RJ9473,236411.58
20161202,ID000RJ9KM0,172831.69
20161202,ID000RJ9MG3,259835.4
20161202,ID000RJ9PM9,644625.3
20161202,ID000RJ9RG2,3878618.8
20161202,ID000RJ9TQ7,20419.701
20161202,ID000RJBBK9,51153.984
20161202,ID000RJBZT7,0.0
20161202,ID000RJCJ03,0.0
20161202,ID000RJLJZ5,0.0
20161202,ID000RJM478,19324754.0
20161202,ID000RJNLX0,136600.94
20161202,ID000RJVGL5,235118.9
20161202,ID000RJYT43,0.0
20161202,ID000RJZ2C2,0.0
20161202,ID000RK2N57,1198603.2
20161202,ID000RK2TL6,357070.53
20161202,ID000RK38L1,46273.863
20161202,ID000RK4509,28604.473
20161202,ID000RK4NX4,1528759.4
20161202,ID000RK5893,26327.305
20161202,ID000RK8SD1,1772783.4
20161202,ID000RK9GX4,0.0
20161202,ID000RK9P37,0.0
20161202,ID000RK9WN0,0.0
20161202,ID000RKD3N9,0.0
20161202,ID000RKDCB2,0.0
20161202,ID000RKF222,822986.1
20161202,ID000RKSPK7,0.0
20161202,ID000RKSQ98,0.0
20161202,ID000RKX6T4,7.245
20161202,ID000RKZ7M7,43872.8
20161202,ID000RL0CV2,14733.586
20161202,ID000RL0RG6,831186.56
20161202,ID000RL7CV5,18836.41
20161202,ID000RLBDM8,2325525.5
20161202,ID000RLC1V3,33547.785
20161202,ID000RLC553,0.0
20161202,ID000RLC7R5,0.0
20161202,ID000RLC9F4,3532616.8
20161202,ID000RLC9P3,0.0
20161202,ID000RLDHK9,32574.113
20161202,ID000RLF4B6,695079.5
20161202,ID000RLNRG1,2082.6375
20161202,ID000RLXYC9,7866.3896
20161202,ID000RLZ512,38815764.0
20161202,ID000RM7H15,0.0
20161202,ID000RMD2J2,0.0
20161202,ID000RMG7P1,16595.463
20161202,ID000RMMV17,1911.305
20161202,ID000RMMW06,0.0
20161202,ID000RMP174,0.0
20161202,ID000RMQDQ6,0.0
20161202,ID000RMXMH8,0.0
20161202,ID000RN1N52,2662.2195
20161202,ID000RN5B18,0.0
20161202,ID000RN5FY3,0.0
20161202,ID000RNJG58,0.0
20161202,ID000RNJGG6,0.0
20161202,ID000RNRZZ4,33278.246
20161202,ID000RNW968,13859.5
20161202,ID000RNWPZ0,555.852
20161202,ID000RNY4F7,1315867.8
20161202,ID000RNYCC2,1374.88
20161202,ID000RNYKN2,47509.203
20161202,ID000RNZ135,12204.72
20161202,ID000RNZBC3,0.0
20161202,ID000RP0076,0.0
20161202,ID000RP01M7,0.0
20161202,ID000RPGKS2,1017.1574
20161202,ID000RPHC63,262381.7
20161202,ID000RPHGF4,0.0
20161202,ID000RPHQQ0,3978.6997
20161202,ID000RPHSB2,122402.48
20161202,ID000RPJMB3,803.825
20161202,ID000RPJPR9,0.0
20161202,ID000RPL7X9,110138.445
20161202,ID000RPMNQ1,8240.368
20161202,ID000RPNPL0,0.0
20161202,ID000RPPFL0,40347.12
20161202,ID000RPQRL3,23809.38
20161202,ID000RPQVS7,179457.3
20161202,ID000RPTPF1,667715.5
20161202,ID000RPVQ84,25663.928
20161202,ID000RQW248,322220.16
20161202,ID000RQXCB7,1645868.0
20161202,ID000RQXFF6,90045.39
20161202,ID000RQXHP1,17898.236
20161202,ID000RQXKN6,1444.9161
20161202,ID000RQXM70,8164.2173
20161202,ID000RQXPF4,162356.72
20161202,ID000RQXR97,75619.516
20161202,ID000RQXT84,9208.268
20161202,ID000RQXV25,86898.64
20161202,ID000RR7Q41,13331.5205
20161202,ID000RRFF73,23316.117
20161202,ID000RRRLH6,6534791.0
20161202,ID000RRT8C8,0.0
20161202,ID000RRTCL9,110860.76
20161202,ID000RS2GJ0,0.0
20161202,ID000RS2M16,17968.0
20161202,ID000RS88Z4,21.798
20161202,ID000RSD888,19295.596
20161202,ID000RSFS37,27018.188
20161202,ID000RSPBY9,24954790.0
20161202,ID000RSPCS4,0.0
20161202,ID000RSRR18,52773.617
20161202,ID000RSWCT5,27041.16
20161202,ID000RT3Y53,27764.81
20161202,ID000RT71C3,0.0
20161202,ID000RT75N2,0.0
20161202,ID000RTM9J2,878.0937
20161202,ID000RTZY21,0.0
20161202,ID000RV0DS2,357966.9
20161202,ID000RV0GG8,0.0
20161202,ID000RV0JR0,56798.0
20161202,ID000RV0LB2,0.0
20161202,ID000RV0PD1,0.0
20161202,ID000RV0QN8,17945.0
20161202,ID000RV0SD5,0.0
20161202,ID000RV0VG5,0.0
20161202,ID000RV0YH8,0.0
20161202,ID000RV1063,9948.688
20161202,ID000RV11Q9,0.0
20161202,ID000RV1401,0.0
20161202,ID000RV8C97,0.0
20161202,ID000RVRZS4,0.0
20161202,ID000RVST07,9688.305
20161202,ID000RVSXB6,0.0
20161202,ID000RVSYP9,0.0
20161202,ID000RVSZH5,0.0
20161202,ID000RVT1R8,0.0
20161202,ID000RVT2S5,0.0
20161202,ID000RVZNM8,0.0
20161202,ID000RWJ5Z9,3405.6
20161202,ID000S13538,786614.4
20161202,ID000S1MTY1,38057.1
20161202,ID000S419Z1,6901.2153
20161202,ID000S4D4C4,757.3738
20161202,ID000S6TRD0,0.0
20161202,ID000S8Q7P0,805479.94
20161202,ID000S953V3,0.0
20161202,ID000S958P9,0.0
20161202,ID000S9NC43,0.0
20161202,ID000SBJ6C7,1061218.0
20161202,ID000SDNV15,0.0
20161202,ID000SDNXB0,0.0
20161202,ID000SDQ4C0,0.0
20161202,ID000SDQVM9,0.0
20161202,ID000SDQWR2,0.0
20161202,ID000SDQYH9,0.0
20161202,ID000SDR046,0.0
20161202,ID000SDR0X4,0.0
20161202,ID000SDR2N1,0.0
20161202,ID000SDSCG6,0.0
20161202,ID000SDTDY3,0.0
20161202,ID000SDTG03,0.0
20161202,ID000SDTH83,0.0
20161202,ID000SDTKM0,0.0
20161202,ID000SDTMK8,0.0
20161202,ID000SDTNL5,0.0
20161202,ID000SDTW53,0.0
20161202,ID000SDTXS6,0.0
20161202,ID000SDTYN9,0.0
20161202,ID000SDTZD7,0.0
20161202,ID000SDV2N6,0.0
20161202,ID000SDV3J9,0.0
20161202,ID000SDV4M3,0.0
20161202,ID000SDV9C3,0.0
20161202,ID000SDVD43,0.0
20161202,ID000SDVG73,0.0
20161202,ID000SFJGN4,5782.936
20161202,ID000SJQXW1,102346.78
20161202,ID000SMC9B5,0.0
20161202,ID000SMCBT1,3373.3076
20161202,ID000SMCD99,0.0
20161202,ID000SNRLB0,3130.1133
20161202,ID000SQ6VQ8,208777.4
20161202,ID000SQ9L41,86355.68
20161202,ID000SQ9Q68,5619150.5
20161202,ID000SQCNL4,0.0
20161202,ID000SR4P54,17608.213
20161202,ID000SVV292,0.0
20161202,ID000SVX806,8294851.0
20161202,ID000SXK3M3,9874.54
20161202,ID000SY0Q88,300.5771
20161202,ID000T0DSH3,4689103.0
20161202,ID000T26H90,0.0
20161202,ID000T5RJL2,0.0
20161202,ID000T66KP6,16296.233
20161202,ID000T66NQ9,1260507.9
20161202,ID000T671J4,93774.53
20161202,ID000T672P5,0.0
20161202,ID000T6F2M9,421503.4
20161202,ID000T71K97,18849168.0
20161202,ID000T9H5X2,2258671.5
20161202,ID000TBLRG3,463697.0
20161202,ID000TBLS17,123865.74
20161202,ID000TBLV29,68649.77
20161202,ID000TBLXM3,29729.531
20161202,ID000TBLZ75,132529.66
20161202,ID000TBM0R9,51685.023
20161202,ID000TBM295,22372.896
20161202,ID000TBM3Q4,35416.09
20161202,ID000TBM5K5,41756.195
20161202,ID000TBM6Z7,81224.766
20161202,ID000TBM8R2,115014.836
20161202,ID000TBMDJ0,4691.9795
20161202,ID000TBMFX9,1278194.4
20161202,ID000TBMH83,33937.97
20161202,ID000TBMKT3,1426.7341
20161202,ID000TBMM64,89742.21
20161202,ID000TBMN99,12152.0
20161202,ID000TBMNY1,150992.23
20161202,ID000TBMPM9,149147.47
20161202,ID000TBMQG4,26087.18
20161202,ID000TBMRS9,16743.506
20161202,ID000TBMSN2,115780.54
20161202,ID000TBMTV1,724908.0
20161202,ID000TBMW62,134881.2
20161202,ID000TBMWR9,81740.0
20161202,ID000TBMY59,9031.23
20161202,ID000TBMZH3,0.0
20161202,ID000TBQ148,18117.719
20161202,ID000TBXKQ4,0.0
20161202,ID000TC0H67,1661779.9
20161202,ID000TC0JN4,0.0
20161202,ID000TC0LZ6,0.0
20161202,ID000TC3RB6,13734.88
20161202,ID000TC5BZ3,0.0
20161202,ID000TCP6K8,371785.62
20161202,ID000TCYC98,0.0
20161202,ID000TD2M44,0.0
20161202,ID000TD3853,26106.488
20161202,ID000TD4VQ8,1373465.0
20161202,ID000TDB8V5,2779518.5
20161202,ID000TDC620,7713.9893
20161202,ID000TDCG73,1572410.8
20161202,ID000TDFSD7,0.0
20161202,ID000TDJ9P2,613077.5
20161202,ID000TDP458,24733.791
20161202,ID000TFF1W0,63483.58
20161202,ID000TFF7Q4,0.0
20161202,ID000TFFB49,0.0
20161202,ID000TFFD09,0.0
20161202,ID000TFFFP7,0.0
20161202,ID000TFFHQ2,0.0
20161202,ID000TFFKW8,95.575
20161202,ID000TFFMG2,0.0
20161202,ID000TFFNW2,0.0
20161202,ID000TFFR44,0.0
20161202,ID000TFZP37,48428940.0
20161202,ID000TG1N00,19122578.0
20161202,ID000TG4597,13150.2
20161202,ID000TGBZF6,0.0
20161202,ID000TGFWC2,41.850006
20161202,ID000TGG2L7,519.2334
20161202,ID000TGGHG0,29374.18
20161202,ID000TGKD10,1128274.0
20161202,ID000TGKFL3,2025440.4
20161202,ID000TGKGW9,35947.81
20161202,ID000TGKJ80,0.0133896
20161202,ID000TH2686,0.0
20161202,ID000TH28Z2,0.0
20161202,ID000TH2C01,0.0
20161202,ID000TH2F95,0.0
20161202,ID000TH2GF6,5467.13
20161202,ID000TH2J60,0.0
20161202,ID000TH2MF3,0.0
20161202,ID000TH63H9,1196.3413
20161202,ID000TH74Y7,47049.16
20161202,ID000TH7PX1,0.0
20161202,ID000THHYF1,35387.996
20161202,ID000THJ2F9,0.0
20161202,ID000THJ9P3,111076.38
20161202,ID000THJDZ3,118333.41
20161202,ID000THJFV2,1195.0073
20161202,ID000THJGT3,2036.625
20161202,ID000THJH93,8011.686
20161202,ID000THJJF2,71213.586
20161202,ID000THQ0Y4,2640179.8
20161202,ID000TJ3538,0.0
20161202,ID000TJ60R0,9595.922
20161202,ID000TJ6857,0.0
20161202,ID000TK4ZS1,7.2885966
20161202,ID000TKCRG3,112285.22
20161202,ID000TKDPM9,0.0
20161202,ID000TKG6W7,9574.412
20161202,ID000TKGJP7,466020.62
20161202,ID000TKLYQ7,724.54004
20161202,ID000TKM8R2,8708.342
20161202,ID000TKVPJ3,14809.531
20161202,ID000TKVSQ9,80093.91
20161202,ID000TKVTD1,258072.94
20161202,ID000TKVW17,266669.5
20161202,ID000TKVX79,19003.377
20161202,ID000TKVYM0,39207.098
20161202,ID000TKVZF5,0.0
20161202,ID000TKW061,3444.4907
20161202,ID000TKW347,49374.516
20161202,ID000TKW7R3,328556.53
20161202,ID000TKW9Q0,181658.47
20161202,ID000TKWCN6,217975.33
20161202,ID000TKWFK2,0.0
20161202,ID000TKWKH5,0.0
20161202,ID000TL3CK9,0.0
20161202,ID000TL3DH1,0.0
20161202,ID000TL3GF6,0.0
20161202,ID000TNVBV4,350927.06
20161202,ID000TPZQX0,942078.44
20161202,ID000TQQC41,153708.48
20161202,ID000TQVCP2,0.0
20161202,ID000TR07Q4,0.0
20161202,ID000TR0926,0.0
20161202,ID000TR0F31,0.0
20161202,ID000TR0HG3,0.0
20161202,ID000TR0LT0,0.0
20161202,ID000TR0Q64,1362.7515
20161202,ID000TR0RS8,7542.119
20161202,ID000TR0XY8,4509.246
20161202,ID000TR2194,5504.1055
20161202,ID000TR22G4,16881.557
20161202,ID000TR24G0,5729.827
20161202,ID000TR25Y7,26401.406
20161202,ID000TR26T1,0.0
20161202,ID000TR27X4,0.0
20161202,ID000TR29F0,0.0
20161202,ID000TR2CQ1,13978.027
20161202,ID000TR2F20,0.0
20161202,ID000TR7TV3,0.0
20161202,ID000TR8BB3,0.0
20161202,ID000TR8H84,0.0
20161202,ID000TRBKY4,5647.3604
20161202,ID000TRDQX0,27074.342
20161202,ID000TRDS93,86140.07
20161202,ID000TRDTH2,2449.167
20161202,ID000TRDVW0,15101.14
20161202,ID000TRDXS1,199617.53
20161202,ID000TRF074,5419273.0
20161202,ID000TRF136,44047.246
20161202,ID000TRF2C4,515986.22
20161202,ID000TRF7K4,41060.844
20161202,ID000TRF831,225291.16
20161202,ID000TRF8S4,19854.066
20161202,ID000TS9T58,228774.92
20161202,ID000TSFHM8,70288.95
20161202,ID000TTMPS4,33224.23
20161202,ID000TTN9L6,0.0
20161202,ID000TVDMT5,24820.904
20161202,ID000TVW0H5,11643574.0
20161202,ID000TVWQF0,8289.16
20161202,ID000TW13M5,19481.184
20161202,ID000TW18K6,6.732284
20161202,ID000TW1SG7,2837027.2
20161202,ID000TWF4H4,0.0
20161202,ID000TWMLS6,10781.284
20161202,ID000TWMQ69,102911.4
20161202,ID000TWMSV7,181442.22
20161202,ID000TWMV95,56455.777
20161202,ID000TWMX28,1758233.9
20161202,ID000TWMY35,3039035.8
20161202,ID000TX1888,0.0
20161202,ID000TX2RQ5,0.0
20161202,ID000TXC9W7,0.0
20161202,ID000TXD475,0.0
20161202,ID000TXV153,61402.387
20161202,ID000TXV4F6,0.0
20161202,ID000TXWWC6,48972.125
20161202,ID000TY4HZ3,0.0
20161202,ID000TY4PR4,0.0
20161202,ID000TZG9P6,0.0
20161202,ID000TZJTT5,11196.113
20161202,ID000V07HJ9,2097981.2
20161202,ID000V07K93,10874410.0
20161202,ID000V07M44,9513531.0
20161202,ID000V0X4Y2,6200.654
20161202,ID000V153T9,100.15211
20161202,ID000V15QR0,0.0
20161202,ID000V19XT9,0.0
20161202,ID000V1KG86,238602.06
20161202,ID000V1KHL9,1517418.2
20161202,ID000V1KJV4,38286.016
20161202,ID000V22RX2,8560315.0
20161202,ID000V258V3,0.0
20161202,ID000V259W0,0.0
20161202,ID000V25CN3,0.0
20161202,ID000V26FN5,331880.7
20161202,ID000V2C6Y6,0.0
20161202,ID000V2C7N6,0.0
20161202,ID000V2X851,124416.0
20161202,ID000V2XYF3,0.0
20161202,ID000V2Z252,4997.675
20161202,ID000V34VD1,0.0
20161202,ID000V34WD9,0.0
20161202,ID000V35LV2,319.185
20161202,ID000V3CGF3,0.0
20161202,ID000V4WX80,3971704.2
20161202,ID000V6B0H0,20498.857
20161202,ID000V7VMK4,135539.42
20161202,ID000V7Z5H1,3679.099
20161202,ID000V8CS84,0.0
20161202,ID000V97SN1,4937.782
20161202,ID000V98B84,1414334.4
20161202,ID000V98CM6,244854.9
20161202,ID000VB42Z3,0.0
20161202,ID000VB6CR8,22175.67
20161202,ID000VBD2Q3,0.0
20161202,ID000VBGP16,89627.6
20161202,ID000VBGQJ5,1753.6018
20161202,ID000VBGR76,9637.266
20161202,ID000VBGSH3,407635.2
20161202,ID000VBGT81,84413.65
20161202,ID000VBGVG7,76426.96
20161202,ID000VBGWS2,57485.457
20161202,ID000VBGXQ2,32848.9
20161202,ID000VBGYK6,24416.69
20161202,ID000VBGZS5,4122.5527
20161202,ID000VBH0N6,103188.75
20161202,ID000VBH136,9452.8
20161202,ID000VBH2J7,50389.33
20161202,ID000VBH3D1,106249.14
20161202,ID000VBH4G6,27856.621
20161202,ID000VBHKT6,0.0
20161202,ID000VBHMB1,0.0
20161202,ID000VBHMY6,40584.47
20161202,ID000VBHPB4,0.0
20161202,ID000VBHQ86,0.0
20161202,ID000VBQ840,0.0
20161202,ID000VBQ8R5,0.0
20161202,ID000VBQ9Q4,0.0
20161202,ID000VBT3R3,0.0
20161202,ID000VBT669,0.0
20161202,ID000VBT801,0.0
20161202,ID000VBV327,0.0
20161202,ID000VBV504,0.0
20161202,ID000VBV764,0.0
20161202,ID000VBV862,0.0
20161202,ID000VBVBF5,0.0
20161202,ID000VBVCW4,0.0
20161202,ID000VBVG46,18211.02
20161202,ID000VBVH44,0.0
20161202,ID000VBVJH6,0.0
20161202,ID000VBVK74,936588.4
20161202,ID000VBVM07,0.0
20161202,ID000VBVN50,19564.0
20161202,ID000VBVQ62,0.0
20161202,ID000VBVSP7,0.0
20161202,ID000VBVVK5,0.0
20161202,ID000VBVWV1,6307.28
20161202,ID000VBVZQ0,0.0
20161202,ID000VBYVP7,2813.582
20161202,ID000VBYY53,0.0
20161202,ID000VBYZ96,0.0
20161202,ID000VBZ065,2852.25
20161202,ID000VBZ2R8,0.0
20161202,ID000VBZ3X9,4185.315
20161202,ID000VBZ500,0.0
20161202,ID000VBZ6D4,0.0
20161202,ID000VBZ7F0,0.0
20161202,ID000VC0MG2,0.0
20161202,ID000VCK5B2,18270.924
20161202,ID000VCK6J2,54528.645
20161202,ID000VCK7V6,2844.6187
20161202,ID000VCK9M2,33285.832
20161202,ID000VCKCH1,7513.617
20161202,ID000VCKDD3,22519.652
20161202,ID000VCKFH4,38900.805
20161202,ID000VCZST7,46.89875
20161202,ID000VDHKC0,59572.688
20161202,ID000VDKND9,467.63824
20161202,ID000VDLXT9,5630.819
20161202,ID000VDPVD6,120848.92
20161202,ID000VDZPY5,66066.98
20161202,ID000VFJN19,0.0
20161202,ID000VFX7H1,0.0
20161202,ID000VG5058,261219.25
20161202,ID000VG8WV6,0.0
20161202,ID000VGFVT3,59149204.0
20161202,ID000VGNP35,45902.42
20161202,ID000VGNTM6,66192.22
20161202,ID000VGPRV8,0.0
20161202,ID000VH0T67,23215220.0
20161202,ID000VH1JV0,0.0
20161202,ID000VH2SN8,0.0
20161202,ID000VH2VH8,21418.74
20161202,ID000VH2W68,0.0
20161202,ID000VH2Y46,0.0
20161202,ID000VH2ZS7,0.0
20161202,ID000VH6JY2,1328.4772
20161202,ID000VHB4X0,5717.7056
20161202,ID000VHB6P4,419289.8
20161202,ID000VHGFQ8,0.0
20161202,ID000VHGJG1,0.0
20161202,ID000VHGL49,0.0
20161202,ID000VHGLL0,0.0
20161202,ID000VHGN27,0.0
20161202,ID000VHGNY2,0.0
20161202,ID000VHQC39,2195.2278
20161202,ID000VHQFT4,0.0
20161202,ID000VHQQZ3,260547.72
20161202,ID000VHRCF5,51975.543
20161202,ID000VJB1R9,0.0
20161202,ID000VJSQJ5,1235.8125
20161202,ID000VJWP20,0.0
20161202,ID000VJWSD2,0.0
20161202,ID000VJXR34,0.0
20161202,ID000VJXVP1,0.0
20161202,ID000VJXYP5,0.0
20161202,ID000VJY6C9,429218.34
20161202,ID000VJY915,0.0
20161202,ID000VJYCY2,130197.516
20161202,ID000VJYL54,639.6194
20161202,ID000VJYP55,0.0
20161202,ID000VJYSR5,150501.4
20161202,ID000VJYWD1,1499.6594
20161202,ID000VJYZ62,103879.336
20161202,ID000VJZ8B5,2237.9465
20161202,ID000VJZC44,2375.1582
20161202,ID000VJZNT3,0.0
20161202,ID000VJZW95,0.0
20161202,ID000VK1PR4,0.0
20161202,ID000VK2NZ9,23727.037
20161202,ID000VK2QB8,3293.1914
20161202,ID000VK2RP1,13371.976
20161202,ID000VK2SG9,164791.52
20161202,ID000VK2TJ4,0.0
20161202,ID000VK2V09,0.0
20161202,ID000VK2VT8,0.0
20161202,ID000VK2XZ7,15155.461
20161202,ID000VK2YX7,1445591.1
20161202,ID000VK6YP2,14900.517
20161202,ID000VLQ0R0,0.0
20161202,ID000VLVYJ9,13513.855
20161202,ID000VMT2M6,0.0
20161202,ID000VMWPX9,0.0
20161202,ID000VMWR38,0.0
20161202,ID000VMWS45,0.0
20161202,ID000VMX401,0.0
20161202,ID000VMX4Z3,0.0
20161202,ID000VMX5V4,0.0
20161202,ID000VMX7R5,0.0
20161202,ID000VMXGQ6,0.0
20161202,ID000VMXLX7,0.0
20161202,ID000VMXNS9,0.0
20161202,ID000VMXQS2,0.0
20161202,ID000VMXXP0,0.0
20161202,ID000VMXZG5,0.0
20161202,ID000VMYRL6,0.0
20161202,ID000VMYSD3,0.0
20161202,ID000VMYT32,0.0
20161202,ID000VMYV91,0.0
20161202,ID000VMZDG2,0.0
20161202,ID000VMZJS6,0.0
20161202,ID000VMZLD7,0.0
20161202,ID000VN03G0,0.0
20161202,ID000VN04D1,0.0
20161202,ID000VN05K0,0.0
20161202,ID000VN07X2,0.0
20161202,ID000VN08Q8,0.0
20161202,ID000VN09P7,0.0
20161202,ID000VN0BL6,0.0
20161202,ID000VN0C43,0.0
20161202,ID000VN0CP0,0.0
20161202,ID000VN0DD1,0.0
20161202,ID000VN0F82,0.0
20161202,ID000VNJWV9,0.0
20161202,ID000VNXZN5,0.0
20161202,ID000VQ4S83,19739.809
20161202,ID000VQ4T81,13324.779
20161202,ID000VQB889,2101.1804
20161202,ID000VQB914,2573.2148
20161202,ID000VQBB91,235.40417
20161202,ID000VQBFH3,629.0327
20161202,ID000VR0442,1967561.6
20161202,ID000VTCSF0,5544.541
20161202,ID000VTCV18,0.0
20161202,ID000VTQRM9,0.0
20161202,ID000VV0Y29,0.0
20161202,ID000VWFG66,0.0
20161202,ID000VWYWM2,9428.07
20161202,ID000VXRMN9,0.0
20161202,ID000W2H9C8,0.0
20161202,ID000W2HC22,0.0
20161202,ID000W2HD39,0.0
20161202,ID000W2HDZ4,0.0
20161202,ID000W2HFT6,0.0
20161202,ID000W2HHJ3,0.0
20161202,ID000W2K701,18519.93
20161202,ID000W352Y0,0.0
20161202,ID000W3MPK5,7027963.5
20161202,ID000W5BR82,106424.34
20161202,ID000W7FXN4,1443.5118
20161202,ID000W7FYG0,0.0
20161202,ID000W8G794,10737.564
20161202,ID000W90780,15668939.0
20161202,ID000W98LK7,324056.0
20161202,ID000W9PSG8,40495.36
20161202,ID000WB2BF6,17071.283
20161202,ID000WB2C73,33075.86
20161202,ID000WB2CP3,44199.47
20161202,ID000WB2F21,33136.312
20161202,ID000WB2FK1,40490.07
20161202,ID000WB2HN4,37587.848
20161202,ID000WB41T1,2920.344
20161202,ID000WBVX39,25230.13
20161202,ID000WBW003,4056.716
20161202,ID000WBWD96,4541.648
20161202,ID000WBWFC7,6214.612
20161202,ID000WCK5Q5,0.0
20161202,ID000WCWZY7,0.0
20161202,ID000WD5FW1,1470105.4
20161202,ID000WFWS03,0.0
20161202,ID000WGWT81,1448048.9
20161202,ID000WH2B63,0.0
20161202,ID000WH2CQ9,0.0
20161202,ID000WH2F73,0.0
20161202,ID000WH3LQ8,940.75525
20161202,ID000WHFCM9,26004.768
20161202,ID0014GJDP1,0.0
20161202,ID0014GR9M4,486148.4
20161202,ID0014JJ2F0,0.0
20161202,ID0014N4YY6,0.0
20161202,ID0015BM5H3,10507.411
20161202,ID0015BM5S1,219520.52
20161202,ID0015BM609,7461.9336
20161202,ID0015BM672,10253.813
20161202,ID0015BM6G2,22363.72
20161202,ID0015BM6M5,66743.58
20161202,ID0015BM6S9,360688.78
20161202,ID0015BM6Z1,46237.277
20161202,ID0015BM761,68831.56
20161202,ID0015BM7H9,99637.35
20161202,ID0015BM7Y0,298652.62
20161202,ID0015BM878,115612.23
20161202,ID0015BM8P8,590861.75
20161202,ID0015BM912,333793.25
20161202,ID0015BN2Q9,0.0
20161202,ID0015BN5F4,0.0
20161202,ID0015BN5N5,0.0
20161202,ID0015CC1Z1,0.0
20161202,ID0015CDYG9,0.0
20161202,ID0015CF2H6,0.0
20161202,ID0015CF5N2,0.0
20161202,ID0015CF632,0.0
20161202,ID0015CFLK0,79133.414
20161202,ID0015CFV55,0.0
20161202,ID0015CFX79,0.0
20161202,ID0015CFXD2,11636.4
20161202,ID0015CFXN1,0.0
20161202,ID0015CRSX8,1011832.25
20161202,ID0015D1VX7,0.0
20161202,ID0015D2WW5,2907.1377
20161202,ID0015D5CK9,50228.406
20161202,ID0015D8K91,127620.586
20161202,ID0015DRNH5,0.0
20161202,ID0015DRNR4,0.0
20161202,ID0015DRP71,0.0
20161202,ID0015DRPJ8,0.0
20161202,ID0015GLH96,0.0
20161202,ID0015GM9F6,1185.4274
20161202,ID0015GNBJ6,0.0
20161202,ID0015GNGX9,0.0
20161202,ID0015HLM75,5170.4653
20161202,ID0015K1K65,0.0
20161202,ID0015K28T6,0.0
20161202,ID0015K2905,0.0
20161202,ID0015K2978,0.0
20161202,ID0015K8ZL8,0.0
20161202,ID0015K9VM5,0.0
20161202,ID0015KBRN0,12662.88
20161202,ID0015KBWV0,61246.5
20161202,ID0015KF7M1,0.0
20161202,ID0015KFCY7,0.0
20161202,ID0015LZ355,2510.5
20161202,ID0015MC198,125.0
20161202,ID0015QF8P3,3534484.0
20161202,ID0015QLVM8,0.0
20161202,ID0015QLVX6,0.0
20161202,ID0015QSYF3,20588672.0
20161202,ID0015QT3F0,0.0
20161202,ID0015QT3P9,0.0
20161202,ID0015QT3X0,4274709.0
20161202,ID0015QT547,0.0
20161202,ID0015QT5F5,0.0
20161202,ID0015QVRC7,197267.31
20161202,ID0015QX5D2,25601.55
20161202,ID0015RLZ29,0.0
20161202,ID0015RM0H9,73092.18
20161202,ID0015RZ0N8,0.0
20161202,ID0015RZ1P4,231123.31
20161202,ID0015RZBM5,48369.25
20161202,ID0015RZC34,24398.277
20161202,ID0015S18K9,6384.874
20161202,ID0015S19R0,43227.582
20161202,ID0015S1V19,0.0
20161202,ID0015S1VC7,0.0
20161202,ID0015S1W08,0.0
20161202,ID0015S1WV4,28422.998
20161202,ID0015S1X51,1296100.4
20161202,ID0015S1XF0,13891.369
20161202,ID0015S2686,1875.2646
20161202,ID0015S2D81,0.0
20161202,ID0015S4BY4,461912.4
20161202,ID0015S4HR9,88842.58
20161202,ID0015TKG55,2948.9875
20161202,ID0015TLBL7,47150.54
20161202,ID0015TLBW5,0.0
20161202,ID0015VQ9N0,0.0
20161202,ID0015VQB00,0.0
20161202,ID0015VQBC7,0.0
20161202,ID0015VQBP3,0.0
20161202,ID0015VQCD4,0.0
20161202,ID0015VQFC8,0.0
20161202,ID0015VQFL8,0.0
20161202,ID0015VQFX5,0.0
20161202,ID0015VQKL7,18316232.0
20161202,ID0015VQL44,6284255.5
20161202,ID0015VRX01,872326.3
20161202,ID0015VRY18,119277.11
20161202,ID0015VRZW1,0.0
20161202,ID0015VS155,1335.4706
20161202,ID0015VS3D2,141823.14
20161202,ID0015VS4C1,290878.4
20161202,ID0015VS5F5,1411332.4
20161202,ID0015VS6C6,0.0
20161202,ID0015VS6V5,0.0
20161202,ID0015WP3X1,15313.854
20161202,ID0015WP548,674955.25
20161202,ID0015WP7C5,397763.84
20161202,ID0015WQC88,100474.75
20161202,ID0015XG7Z8,96787.52
20161202,ID0015XG859,45541.23
20161202,ID0015XG8J4,0.0
20161202,ID0015XG957,5459.331
20161202,ID0015XG9B0,0.0
20161202,ID0015XGB70,1004.3807
20161202,ID0015XGBM3,0.0
20161202,ID0015XGC78,125.466095
20161202,ID0015XGCD1,0.0
20161202,ID0015XGCL2,0.0
20161202,ID0015XGDQ5,109129.89
20161202,ID0015XGDY6,0.0
20161202,ID0015XGF53,0.0
20161202,ID0015XGFB6,0.0
20161202,ID0015XGG24,0.0
20161202,ID0015XGG97,0.0
20161202,ID0015XHCX8,0.0
20161202,ID0015XJ9R0,0.0
20161202,ID0015XKZ36,0.0
20161202,ID0015XLGH2,0.0
20161202,ID0015XLH44,36301.15
20161202,ID0015XLHC5,0.0
20161202,ID0015XLJ31,0.0
20161202,ID0015XLJL1,0.0
20161202,ID0015XLMB5,43847.37
20161202,ID0015XLMK5,35691.188
20161202,ID0015XMVC3,6298.5
20161202,ID0015XMX11,10755.968
20161202,ID0015XN496,21931.701
20161202,ID0015XN4H7,36179.43
20161202,ID0015XNBM5,12189.505
20161202,ID0015XNK81,3035.6345
20161202,ID0015XNZD2,84046.08
20161202,ID0015XNZK4,0.0
20161202,ID0015Y8XP9,98255.83
20161202,ID0015YLBC6,129820.516
20161202,ID001621V15,0.0
20161202,ID001621WG7,0.0
20161202,ID0016220S3,0.0
20161202,ID001623627,0.0
20161202,ID00162LY26,11110.0
20161202,ID00162MS91,0.0
20161202,ID00162MXW4,0.0
20161202,ID00162N019,2567.991
20161202,ID00162N162,0.0
20161202,ID00162N3M0,0.0
20161202,ID00162S0L2,6123.15
20161202,ID00163NSD3,20622.457
20161202,ID00164VN34,1741.6001
20161202,ID00164ZD23,46010.445
20161202,ID00164ZHW1,230151.81
20161202,ID0016PV8J3,0.0
20161202,ID0016PZVK6,0.0
20161202,ID0016Q0388,0.0
20161202,ID0016Q0G70,0.0
20161202,ID0016Q17M2,17468.559
20161202,ID0016Q1LL2,19377.53
20161202,ID0016Q1SQ2,13479.196
20161202,ID0016Q1W29,0.0
20161202,ID0016Q1XP2,245371.61
20161202,ID0016Q2180,7846.864
20161202,ID0016Q21Z0,57829.49
20161202,ID0016Q23R5,14758.773
20161202,ID0016Q26V3,0.0
20161202,ID0016Q2K42,24315.115
20161202,ID0016SZFK5,0.0
20161202,ID0016SZGQ7,0.0
20161202,ID0016SZK79,0.0
20161202,ID0016SZMJ2,15620.899
20161202,ID0016SZN37,0.0
20161202,ID0016SZP78,0.0
20161202,ID0016SZPX9,355.51
20161202,ID0016SZQD9,0.0
20161202,ID0016SZQT2,0.0
20161202,ID0016SZR74,0.0
20161202,ID0016T08H1,0.0
20161202,ID0016T0DF2,0.0
20161202,ID0016T0J05,0.0
20161202,ID0016T1KH3,0.0
20161202,ID0016T25V9,1833.4209
20161202,ID0016T29C2,0.0
20161202,ID0016T2CL5,356.7836
20161202,ID0016T2G45,0.0
20161202,ID0016T2GL6,0.0
20161202,ID0016T2J49,0.0
20161202,ID0016T2T47,0.0
20161202,ID0016T2V60,0.0
20161202,ID0016T2Y37,79833.695
20161202,ID0016T32V5,0.0
20161202,ID0016T33Z9,5300.5815
20161202,ID0016T38C3,0.0
20161202,ID0016T38M2,0.0
20161202,ID0016T3913,1252755.5
20161202,ID0016T3FQ2,4000.0762
20161202,ID0016T3FZ2,0.0
20161202,ID0016T3G80,0.0
20161202,ID0016T3GJ8,68020.48
20161202,ID0016T3HH8,50515.445
20161202,ID0016T3JB0,0.0
20161202,ID0016T3JL9,0.0
20161202,ID0016T3JV8,0.0
20161202,ID0016T3K72,544013.4
20161202,ID0016V5QG2,14294.797
20161202,ID0016VD2P6,0.0
20161202,ID0016VDCF5,37410.53
20161202,ID0016X5NR3,886.72327
20161202,ID0016XGC13,1748943.5
20161202,ID0016XH740,3845019.5
20161202,ID0016XJ8V6,659053.8
20161202,ID0016XJFS4,706232.94
20161202,ID0016XJGX6,825627.06
20161202,ID0016YWCV0,2817360.8
20161202,ID00170KQV5,21766.293
20161202,ID00171YSH0,12361.696
20161202,ID00171Z277,0.0
20161202,ID00172J1K0,85765.984
20161202,ID001730MP7,3664.5088
20161202,ID00173R227,0.0
20161202,ID00173Y4K5,44388.902
20161202,ID001777ZR0,4.4336166
20161202,ID0017935X9,0.0
20161202,ID001793658,6212.5293
20161202,ID0017936J3,109598.414
20161202,ID001793G83,0.0
20161202,ID00179X129,405513.88
20161202,ID00179X4T4,1697.4163
20161202,ID00179X5H4,2019115.2
20161202,ID00179XD96,5745.0747
20161202,ID00179XFZ2,25636.334
20161202,ID00179XJP5,0.0
20161202,ID00179XW58,0.0
20161202,ID00179XWX7,113670.97
20161202,ID00179YL88,15736.556
20161202,ID0017BMNC7,68982.766
20161202,ID0017BMVT1,31.878
20161202,ID0017CJ6M5,380185.94
20161202,ID0017CJ850,26630.553
20161202,ID0017CJDR5,0.0
20161202,ID0017DVJR6,6003.0
20161202,ID0017DVKD8,31002.232
20161202,ID0017DVL46,200826.0
20161202,ID0017F7GD9,156387.94
20161202,ID0017FSYN6,778.11194
20161202,ID0017T8542,75589.06
20161202,ID0017V13R4,46328.754
20161202,ID0017V1438,88959.23
20161202,ID0017V15F2,6418.412
20161202,ID0017V16S6,0.0
20161202,ID0017V1973,154502.33
20161202,ID0017V19X4,33708.85
20161202,ID0017V1B96,38633.01
20161202,ID0017V1BP8,38180.89
20161202,ID0017V1BV1,5632.4326
20161202,ID0017V1D29,16532.498
20161202,ID0017VQCC3,0.0
20161202,ID0017X5LX9,2416.8105
20161202,ID00186X810,76526.5
20161202,ID00186Y4R0,0.0
20161202,ID001877B92,0.0
20161202,ID00188LH19,0.5194
20161202,ID00188V1M0,0.0
20161202,ID0018BQM34,78413.33
20161202,ID0018BSJD8,132656.89
20161202,ID0018BTB62,0.0
20161202,ID0018DNXB0,241970.97
20161202,ID0018DTCK0,461526.56
20161202,ID0018DXB54,1452.1996
20161202,ID0018DXTG3,1101353.5
20161202,ID0018DYD95,3308.4321
20161202,ID0018DZ911,96933.24
20161202,ID0018DZFQ0,0.0
20161202,ID0018F0RY8,335.14246
20161202,ID0018F1WZ5,68479.336
20161202,ID0018F36L5,27163.805
20161202,ID0018FFL20,15701.696
20161202,ID0018FG230,13021.432
20161202,ID0018FPLY4,0.0
20161202,ID0018FQGV7,1129.7476
20161202,ID0018FQT30,7396.8516
20161202,ID0018FT851,6647.636
20161202,ID0018FTL07,19145.434
20161202,ID0018FYWW2,0.0
20161202,ID0018G28R4,7120.566
20161202,ID0018G6LS0,0.0
20161202,ID0018G73J9,392745.8
20161202,ID0018G7693,733779.3
20161202,ID0018G78T7,182932.6
20161202,ID0018J9X78,521.1044
20161202,ID0018JR702,0.0
20161202,ID0018L0XY2,468297.56
20161202,ID0018N6FK6,28662.703
20161202,ID0018NH7Y7,0.0
20161202,ID0018NJM36,58929.477
20161202,ID0018NQJ35,2487.375
20161202,ID0018NQNK7,3220.4
20161202,ID0018NQQ84,6487.065
20161202,ID0018NQXN2,187096.5
20161202,ID0018NQYW0,87829.92
20161202,ID0018NR1C3,50363.582
20161202,ID0018NRGD9,0.0
20161202,ID0018NRK22,74011.13
20161202,ID0018NS739,0.0
20161202,ID0018NS908,5822.414
20161202,ID0018NSBC0,0.0
20161202,ID0018NSC92,21841.918
20161202,ID0018NSHT9,21000.08
20161202,ID0018NSKT2,64066.734
20161202,ID0018PQNX8,0.0
20161202,ID0018PQP27,81648.0
20161202,ID0018PQP72,0.0
20161202,ID0018PQPD5,0.0
20161202,ID0018PQPK7,0.0
20161202,ID0018Q53B7,0.0
20161202,ID0018QCZ46,2574032.2
20161202,ID0018QL0F1,0.0
20161202,ID0018QL4P2,26026.693
20161202,ID0018QLC74,59632.434
20161202,ID0018QQVF8,2407.912
20161202,ID0018QQVQ6,0.0
20161202,ID0018QR3L2,109090.53
20161202,ID0018QR4X7,710576.4
20161202,ID0018QZN66,1992706.2
20161202,ID0018R1M81,140074.0
20161202,ID0018SKHQ9,9894.0
20161202,ID00191NX70,257922.97
20161202,ID001939VR4,49504.52
20161202,ID001939WH3,0.0
20161202,ID001939X63,16139.97
20161202,ID001939XM5,0.0
20161202,ID001939YL4,0.0
20161202,ID001939ZD0,0.0
20161202,ID001944L08,1261.2384
20161202,ID00194BVG1,11188.757
20161202,ID00194KL55,0.0
20161202,ID00195ZSV2,0.0
20161202,ID00195ZV45,0.0
20161202,ID00195ZYR4,30181.799
20161202,ID0019603L4,0.0
20161202,ID001961Z78,339402.94
20161202,ID0019621D5,0.0
20161202,ID0019621Y2,79195.17
20161202,ID001962234,0.0
20161202,ID001962831,192831.2
20161202,ID001962Q40,0.0
20161202,ID001962S19,0.0
20161202,ID001962SC7,0.0
20161202,ID001962ZN9,0.0
20161202,ID001962ZZ6,0.0
20161202,ID0019630K8,0.0
20161202,ID0019632R7,0.0
20161202,ID001963340,0.0
20161202,ID0019643Q5,13971.32
20161202,ID0019647L1,7255.1494
20161202,ID00196P1S4,0.0
20161202,ID00196P7Q3,202423.89
20161202,ID00196RPB7,24025.143
20161202,ID00196T0N7,0.0
20161202,ID0019JSSL1,33034.223
20161202,ID0019JTRS5,18000.0
20161202,ID0019JYFW0,0.0
20161202,ID0019JYSZ9,0.0
20161202,ID0019JYX51,0.0
20161202,ID0019JZ926,48105.94
20161202,ID0019JZZK8,0.0
20161202,ID0019K0D22,0.0
20161202,ID0019P44Q1,0.0
20161202,ID0019P48P3,53643.33
20161202,ID0019P4FT3,0.0
20161202,ID0019P4VB7,218831.4
20161202,ID0019P4WC4,347533.16
20161202,ID0019P4Z00,0.0
20161202,ID0019P5293,84746.19
20161202,ID0019PWBG5,4.2536
20161202,ID0019PWV62,1939.6038
20161202,ID0019PX096,0.0
20161202,ID0019PX0X9,34831.27
20161202,ID0019PX1H5,0.0
20161202,ID0019PX2P4,0.0
20161202,ID0019PX4N2,0.0
20161202,ID0019R2H71,8191.7573
20161202,ID0019SJHG1,12204.186
20161202,ID0019SS8Y1,0.0
20161202,ID0019V99G3,0.0
20161202,ID0019W9X87,82240.14
20161202,ID0019WNYK5,84962.04
20161202,ID0019WRWD3,11132.833
20161202,ID0019WSL28,192041.25
20161202,ID0019WTL18,0.0
20161202,ID0019WXH85,2304414.8
20161202,ID0019Z32V8,8794957.0
20161202,ID0019Z33B8,332399.28
20161202,ID001B1T4X6,51438.184
20161202,ID001B1T956,206950.16
20161202,ID001B1TJN4,0.0
20161202,ID001B1TL95,2417.6206
20161202,ID001B56B75,340409.5
20161202,ID001B58V88,0.0
20161202,ID001B58V97,135001.06
20161202,ID001B58VB4,0.0
20161202,ID001B684C1,0.0
20161202,ID001B6PLX1,47041.312
20161202,ID001B7BK48,444764.9
20161202,ID001B92QJ5,55689.355
20161202,ID001B9H8R0,0.0
20161202,ID001B9WBY8,2196.0764
20161202,ID001BBZDR4,1042659.9
20161202,ID001BC2YG4,226860.05
20161202,ID001BD5FF1,19498.56
20161202,ID001BD77G6,532.521
20161202,ID001BDFD65,227621.64
20161202,ID001BDKL61,68544.695
20161202,ID001BDRZZ1,0.0
20161202,ID001BDW9R2,355761.0
20161202,ID001BHB549,0.0
20161202,ID001BHNXR0,3031667.2
20161202,ID001BJL4V7,2600.6987
20161202,ID001BK36N8,1805332.6
20161202,ID001BKSXR8,43714.598
20161202,ID001BQZ142,17369132.0
20161202,ID001BRV8Y6,27007.46
20161202,ID001BS2HL0,1293.6
20161202,ID001BSP1X7,5446.2314
20161202,ID001BTTRG3,63510.92
20161202,ID001BTVBH4,338208.72
20161202,ID001BVQWR8,14968.143
20161202,ID001BW8WN0,10625.58
20161202,ID001CBD709,0.0
20161202,ID001CJSVZ5,0.0
20161202,ID001CJYJ21,1059641.5
20161202,ID001CN1822,5880.4
20161202,ID001CN4115,227.76001
20161202,ID001CS8RP7,4468.74
20161202,ID001D125H8,258556.92
20161202,ID001D5DN42,99616.98
20161202,ID001D5DPP4,0.0
20161202,ID001D5DQ63,117669.16
20161202,ID001D6SX15,1285850.5
20161202,ID001D6VF65,106540.66
20161202,ID001D6WLD3,426567.6
20161202,ID001D9N0F1,1932958.0
20161202,ID001DDZPS0,0.0
20161202,ID001DJR546,58039.203
20161202,ID001DL61H9,0.0
20161202,ID001DL62D1,0.0
20161202,ID001DL63V9,0.0
20161202,ID001DL6866,117537.625
20161202,ID001DL6MP4,1194.7778
20161202,ID001DL6SP1,32029.613
20161202,ID001DL7JB5,0.0
20161202,ID001DL7LW7,0.0
20161202,ID001DL7P76,180532.28
20161202,ID001DL7V73,197253.64
20161202,ID001DM5GB1,13271.489
20161202,ID001DN57L8,14991.648
20161202,ID001DNRH96,51.775204
20161202,ID001DNVG84,816.9668
20161202,ID001DNWP10,30420386.0
20161202,ID001DQBCC3,11904.75
20161202,ID001DQBGP0,47898.39
20161202,ID001DQJ9Q7,476.93402
20161202,ID001F4QH51,0.0
20161202,ID001FBT3F2,181961.0
20161202,ID001FBTBL7,217816.7
20161202,ID001FDMNV3,0.0
20161202,ID001FDV203,652551.56
20161202,ID001FDV9N3,810912.25
20161202,ID001HNS0L4,1447.2479
20161202,ID001HP8T92,0.0
20161202,ID001HP8WL1,0.0
20161202,ID001HP9Q88,16183.331
20161202,ID001HQNSS4,0.0
20161202,ID001HSBMH8,11160.222
20161202,ID001HWL2P3,0.0
20161202,ID001HWLV33,0.0
20161202,ID001HYGWM2,0.0
20161202,ID001HYT805,2370.388
20161202,ID001J02RH6,5727.224
20161202,ID001J035X5,2940.775
20161202,ID001J06R73,1818.9517
20161202,ID001J19Z89,129923.26
20161202,ID001J1BR02,26455.117
20161202,ID001J1CT43,47635.586
20161202,ID001J25JX9,39845.23
20161202,ID001J26M98,650244.56
20161202,ID001J2LTP8,130743.09
20161202,ID001J2P2C7,0.0
20161202,ID001J2P914,726.8177
20161202,ID001J2PBK8,95571.38
20161202,ID001J2PQ89,56898.22
20161202,ID001J2R6K7,2771.7358
20161202,ID001J3YCV2,0.0
20161202,ID001J3YHD1,0.0
20161202,ID001J41CM6,865107.5
20161202,ID001J54JM5,1434.8358
20161202,ID001J5KPV3,274.08356
20161202,ID001J5NB05,22091.256
20161202,ID001J948J5,506950.0
20161202,ID001JWY810,0.0
20161202,ID001K1B786,2017.1156
20161202,ID001K1CWQ0,153.5847
20161202,ID001K1FB29,0.0
20161202,ID001K3V3W2,0.0
20161202,ID001K3V4P8,0.0
20161202,ID001K5X1J4,0.0
20161202,ID001K5X2X6,7975.7646
20161202,ID001KFGZ51,43226.434
20161202,ID001KFHRB1,0.0
20161202,ID001KH55J0,626755.0
20161202,ID001KJG5Q6,0.0
20161202,ID001KNG7R2,1266.4379
20161202,ID001KNNS07,0.0
20161202,ID001KNNWM4,0.0
20161202,ID001KQH7L0,9529.965
20161202,ID001KQKCQ0,1177975.1
20161202,ID001KQKDQ8,47286.55
20161202,ID001KT6JK1,17531.97
20161202,ID001KT6JX7,5250.261
20161202,ID001KT6XK0,4236.194
20161202,ID001KY1X15,0.0
20161202,ID001KY1X60,0.0
20161202,ID001LGKCD5,356103.94
20161202,ID001LJGV33,6112.7124
20161202,ID001LLKCH0,0.0
20161202,ID001LLKDN1,0.0
20161202,ID001LLKPW4,0.0
20161202,ID001LPVBK7,23512.2
20161202,ID001LPVD87,312285.12
20161202,ID001LPVJP5,0.0
20161202,ID001LPVVM1,4028.64
20161202,ID001LPW2K6,11376.26
20161202,ID001LPW3P9,2049.68
20161202,ID001LPW477,0.0
20161202,ID001LPWB44,0.0
20161202,ID001LRG541,0.0
20161202,ID001LRGTS3,0.0
20161202,ID001LRGVY1,0.0
20161202,ID001LRGX77,601.36365
20161202,ID001LRHZT7,0.0
20161202,ID001LRJ8T5,12951.516
20161202,ID001LRJQB4,1989235.0
20161202,ID001LRK9Z4,219246.19
20161202,ID001LRKBR8,30656.0
20161202,ID001LRKML0,0.0
20161202,ID001LRKNN6,0.0
20161202,ID001LS60Q7,0.0
20161202,ID001LS87G1,0.0
20161202,ID001LSHYS9,122882.92
20161202,ID001LSV338,115.078224
20161202,ID001LSY8J7,5548.502
20161202,ID001LSY9R6,4230.451
20161202,ID001LTQHZ6,0.0
20161202,ID001LTTX97,0.0
20161202,ID001LTVPT9,0.0
20161202,ID001LTWPB7,11222.072
20161202,ID001LTYJ56,0.0
20161202,ID001LTZ0X5,0.0
20161202,ID001LTZ5J0,0.0
20161202,ID001LTZBD3,0.0
20161202,ID001LTZGN1,0.0
20161202,ID001LTZMK1,0.0
20161202,ID001LTZYK5,11220.3
20161202,ID001LV33G8,11099.633
20161202,ID001LWN2S3,24391.912
20161202,ID001LYBM17,23365.24
20161202,ID001LZ3HN0,904.2852
20161202,ID001M0X6P5,1353416.0
20161202,ID001M0XDP0,281194.44
20161202,ID001M0XGT9,2589010.8
20161202,ID001M0XM61,190089.77
20161202,ID001M0XNR6,88268.25
20161202,ID001M0XQ26,177012.5
20161202,ID001M26XP2,0.0
20161202,ID001M26Y98,6076.4136
20161202,ID001M2TJ87,37739.344
20161202,ID001M4N3X6,1145.623
20161202,ID001M6NJ84,1199.3662
20161202,ID001M6NM05,0.0
20161202,ID001M7WC96,0.0
20161202,ID001M8D7V1,7842904.5
20161202,ID001M8F008,0.0
20161202,ID001M8F0D4,0.0
20161202,ID001M8F320,8375.18
20161202,ID001M8F357,3477891.0
20161202,ID001M8F4F4,146743.52
20161202,ID001M8F5C4,281273.25
20161202,ID001M8FQF5,7779.557
20161202,ID001M8FRV5,37593.25
20161202,ID001M8FXR7,0.0
20161202,ID001M8FYB2,5848.1865
20161202,ID001M8GBP6,3080.6208
20161202,ID001MB7616,338473.97
20161202,ID001MC0SG7,142236.0
20161202,ID001MC0SY7,0.0
20161202,ID001MG89S9,34611.453
20161202,ID001MKLV06,73898.27
20161202,ID001MKLX93,213521.08
20161202,ID001MKM030,270840.34
20161202,ID001MKM2Y2,60451.094
20161202,ID001MM1KT7,150236500.0
20161202,ID001MNVTN9,0.0
20161202,ID001MNVVS9,0.0
20161202,ID001MNVWS7,0.0
20161202,ID001ND5X50,15276.337
20161202,ID001NDY6J2,2323.4353
20161202,ID001NFGR01,1064.3269
20161202,ID001NFGWQ2,1129.956
20161202,ID001NGWCR5,0.0
20161202,ID001NKHL84,0.0
20161202,ID001NKHM19,0.0
20161202,ID001NPMWC8,0.0
20161202,ID001NPTQW2,11791.934
20161202,ID001NVL0X3,1307209.2
20161202,ID001NVL152,326980.06
20161202,ID001NVL1D3,72514.75
20161202,ID001NY29R6,1200980.9
20161202,ID001NY2H98,0.0
20161202,ID001NY2R32,66000.97
20161202,ID001NY2RV1,0.0
20161202,ID001NY2WK2,0.0
20161202,ID001P1Z4F4,117191970.0
20161202,ID001P3WPK0,8.1175995
20161202,ID001P5S418,1980.0297
20161202,ID001P5S5Y9,0.0
20161202,ID001P6V163,0.0
20161202,ID001P6V760,0.0
20161202,ID001P6VCF9,0.0
20161202,ID001P6VDC0,0.0
20161202,ID001P6VVF7,0.0
20161202,ID001P6W7J5,3004.5332
20161202,ID001P6WT43,0.0
20161202,ID001P6X072,0.0
20161202,ID001P6X1D3,0.0
20161202,ID001P6X321,0.0
20161202,ID001P6X410,0.0
20161202,ID001P6X4M7,0.0
20161202,ID001P6X6T5,3747.0251
20161202,ID001P6X7S4,0.0
20161202,ID001P9HF62,0.0
20161202,ID001PD8609,0.0
20161202,ID001PD8F27,49435.82
20161202,ID001PDWWR6,98088.516
20161202,ID001PDX2B8,0.0
20161202,ID001PDX4G9,31685.771
20161202,ID001PDXBN5,0.0
20161202,ID001PJBHV4,209853.64
20161202,ID001PK88P2,22893.63
20161202,ID001PKRL18,85689.29
20161202,ID001PLPTD8,2385.4128
20161202,ID001PPGDF2,95851.625
20161202,ID001PR4443,31676.29
20161202,ID001PR44F1,123831.77
20161202,ID001Q6QVJ8,12101.794
20161202,ID001Q7GLY2,4287.68
20161202,ID001Q9MYD6,3603.6504
20161202,ID001QB66F8,3240.48
20161202,ID001QC9CT5,122103.805
20161202,ID001QCFSZ6,210762.48
20161202,ID001QCGDT5,7582.12
20161202,ID001QCGFR2,153.3845
20161202,ID001QCR6S9,19310840.0
20161202,ID001QG0CX0,42100.56
20161202,ID001QG3XG0,0.0
20161202,ID001QG3XX1,0.0
20161202,ID001QG40F2,0.0
20161202,ID001QHJ171,0.0
20161202,ID001QHLDF3,0.0
20161202,ID001QHLLD7,0.0
20161202,ID001QHLSN1,0.0
20161202,ID001QHLW16,0.0
20161202,ID001QHLXB3,0.0
20161202,ID001QHLYG6,1140.2261
20161202,ID001QHYGL5,0.0
20161202,ID001QHYKN4,0.0
20161202,ID001QJLR13,0.0
20161202,ID001QKLGN0,45666.812
20161202,ID001QLY4R7,1328.2178
20161202,ID001QMBRD4,0.0
20161202,ID001QQ1Q48,8201.92
20161202,ID001QRHWY3,918298.4
20161202,ID001QSLPV4,0.0
20161202,ID001QSN190,3722.4272
20161202,ID001QSX9D7,9600.0
20161202,ID001QSXB51,0.0
20161202,ID001QSXBM2,0.0
20161202,ID001QSXCR5,0.0
20161202,ID001QSXDD8,0.0
20161202,ID001QV8C14,933322.0
20161202,ID001QVHGY9,0.0
20161202,ID001QXT246,1750818.6
20161202,ID001QXTNL1,1223771.4
20161202,ID001QZ05L6,313123.22
20161202,ID001QZ7QF0,63676.85
20161202,ID001QZRLH7,19228.717
20161202,ID001R18CZ2,8392.059
20161202,ID001R1N759,394604.44
20161202,ID001R1QC28,24314.55
20161202,ID001R1WJD4,1949.3099
20161202,ID001R1X5K5,6352.975
20161202,ID001R34D26,3473216.2
20161202,ID001R3DY11,3504081.8
20161202,ID001R3F4G9,380030.84
20161202,ID001R3F852,246871.67
20161202,ID001R65Y31,16710.99
20161202,ID001R6D615,0.0
20161202,ID001R6GKH4,0.0
20161202,ID001R6HBF5,3570.5554
20161202,ID001RW4QN0,1690957.4
20161202,ID001RW4QY8,6869234.0
20161202,ID001RWKH61,71844.94
20161202,ID001RWPMH3,211.82
20161202,ID001RWVJH3,301623.06
20161202,ID001RWYVG4,3444750.0
20161202,ID001RY95Y5,18386.229
20161202,ID001RYP256,0.0
20161202,ID001RYPGX4,154718.5
20161202,ID001RYPR15,0.0
20161202,ID001RYT7G9,11482.751
20161202,ID001RYTXT8,0.0
20161202,ID001S05J63,2711.43
20161202,ID001S0Q196,2218.44
20161202,ID001S2CKY7,25540.7
20161202,ID001S3DCH1,34442.773
20161202,ID001S44Z24,857293.4
20161202,ID001S4WVS4,187963.06
20161202,ID001S52QK3,4843.0254
20161202,ID001V6XNV8,925.4419
20161202,ID001V77QW7,43766.355
20161202,ID001V8WZ11,243929.2
20161202,ID001V9MH38,0.0
20161202,ID001VD6524,29334.695
20161202,ID001VD67B0,0.0
20161202,ID001VD7426,11853.388
20161202,ID001VD7998,14323.808
20161202,ID001VD7DC5,11608.378
20161202,ID001VD7J69,8079.6704
20161202,ID001VD7RQ9,8596.207
20161202,ID001VG2R32,33619.31
20161202,ID001VG2RH7,0.0
20161202,ID001VG2RX9,1666.5248
20161202,ID001VG2S12,0.0
20161202,ID001VG2Y64,0.0
20161202,ID001VG2YM6,0.0
20161202,ID001VG2Z16,2174.25
20161202,ID001VGTG82,1374.3342
20161202,ID001VH1N67,3222.4648
20161202,ID001VJ3RN3,5309.6826
20161202,ID001VJ40Z8,0.0
20161202,ID001VJ42X6,1636295.4
20161202,ID001VJ45L2,0.0
20161202,ID001VJ46Y6,0.0
20161202,ID001VJ48V5,69850.08
20161202,ID001VJ49P0,20684.62
20161202,ID001VJ4BX6,0.0
20161202,ID001VJ4QH1,0.0
20161202,ID001VJ4W33,0.0
20161202,ID001VJ5005,0.0
20161202,ID001VJ5586,12520.0
20161202,ID001VJ59L3,36825.75
20161202,ID001VJ5RW1,0.0
20161202,ID001VJ5YV7,0.0
20161202,ID001VJ61Q4,204621.5
20161202,ID001VJ71J1,38065.23
20161202,ID001VJ71Z3,38759.086
20161202,ID001VKXYP0,741.6605
20161202,ID001VKY1B6,4629.3745
20161202,ID001VL1BB8,95.19484
20161202,ID001WFNMS4,0.0
20161202,ID001WFNN75,0.0
20161202,ID001WFNQD1,1294.56
20161202,ID001WFNR49,3682.0867
20161202,ID001WFNVQ6,1673.4839
20161202,ID001WFNW66,35389.12
20161202,ID001WFP4D8,0.0
20161202,ID001WM96C7,0.0
20161202,ID001WNV9K5,865921.56
20161202,ID001WNVFW8,131888.92
20161202,ID001WSVKP4,8316.121
20161202,ID001WT05B4,3517.0825
20161202,ID001WT34R7,325.55878
20161202,ID001WVBRL8,9799.637
20161202,ID001WW6YQ2,25869.766
20161202,ID001WWDXH6,3035.745
20161202,ID001XGM518,62792.19
20161202,ID001XHB9Q3,0.34132
20161202,ID001XSB5R6,0.0
20161202,ID001XSB6G6,0.0
20161202,ID001XSB6X7,0.0
20161202,ID001XSB7R2,0.0
20161202,ID001XSBPZ3,0.0
20161202,ID001XSBW06,0.0
20161202,ID001XSBXP7,0.0
20161202,ID001XSCM70,2640.091
20161202,ID001XVXHF2,17212620.0
20161202,ID001XZ8PT8,0.0
20161202,ID001XZ9D96,512611.3
20161202,ID001XZV8S1,71024.56
20161202,ID001XZWL74,0.0
20161202,ID001XZX104,0.0
20161202,ID001XZXT76,0.0
20161202,ID001XZYZG1,97522.59
20161202,ID001XZZPK7,168749.5
20161202,ID001Y00473,0.0
20161202,ID001Y01711,20380.031
20161202,ID001Y08RG4,265407.44
20161202,ID001Y09G40,0.0
20161202,ID001Y0B863,0.0
20161202,ID001Y0CH80,0.0
20161202,ID001Y0CXK1,0.0
20161202,ID001Y0DB28,0.0
20161202,ID001Y0FJP4,0.0
20161202,ID001Y0G145,1048342.3
20161202,ID001Y0G4G6,1344451.1
20161202,ID001Y0GCF9,1357910.9
20161202,ID001Y1Y278,0.0
20161202,ID001Y20NT3,2454.8342
20161202,ID001Y21584,0.0
20161202,ID001Y30GC4,0.0
20161202,ID001Y3MN99,0.0
20161202,ID001Y3MSZ9,0.0
20161202,ID001Y6RR34,18954.023
20161202,ID001Y7FW52,0.0
20161202,ID001Y9Z243,0.0
20161202,ID001YDP3S7,0.0
20161202,ID001YDR172,10925.271
20161202,ID001YN1HZ2,1753.1453
20161202,ID001YN1KR4,0.0
20161202,ID001YN1YC0,0.0
20161202,ID001YN3L81,1000675.9
20161202,ID001Z0GVQ4,0.0
20161202,ID001Z0HZ48,0.0
20161202,ID001Z0JLQ3,0.0
20161202,ID001Z0KK74,0.0
20161202,ID001Z0KLB7,0.0
20161202,ID001Z0KRB4,0.0
20161202,ID001Z0L1L9,0.0
20161202,ID001Z0L246,0.0
20161202,ID001Z55SF4,0.0
20161202,ID001Z55TC5,0.0
20161202,ID001Z55XW4,0.0
20161202,ID001Z560R1,0.0
20161202,ID001Z57161,0.0
20161202,ID001Z57C12,0.0
20161202,ID001Z57K32,0.0
20161202,ID001Z57WX3,0.0
20161202,ID001Z58CV8,0.0
20161202,ID001ZQNBT0,36057.86
20161202,ID002004KQ7,12006673.0
20161202,ID00204J283,2721.0183
20161202,ID002131BF5,0.0
20161202,ID002131D70,0.0
20161202,ID002132TD7,1098.0253
20161202,ID0021371C4,14.0175
20161202,ID00215C669,0.0
20161202,ID00215FCN4,258.267
20161202,ID00215HCG0,0.0
20161202,ID00215HRH6,3325.512
20161202,ID00215J1F3,1055.8
20161202,ID00215J1M5,851.4479
20161202,ID00215LTF9,0.0
20161202,ID00217M7S8,0.0
20161202,ID00217M8M2,109968.33
20161202,ID00217X0Y4,0.0
20161202,ID00217YR01,0.0
20161202,ID002180GS0,0.0
20161202,ID002180L72,0.0
20161202,ID002180PB8,550.7962
20161202,ID002180Q80,792.90894
20161202,ID002180SZ6,9587.511
20161202,ID002180TH4,9188.107
20161202,ID002182LW2,1588.65
20161202,ID002182MC2,11260.26
20161202,ID0021B0YJ4,0.0
20161202,ID0021CB1V8,2368.8242
20161202,ID0021CC8H8,0.0
20161202,ID0021CCJV8,6284.3203
20161202,ID0021CCVW0,332.20355
20161202,ID0021DTNH5,37530.055
20161202,ID0021DTWV9,8153.2583
20161202,ID0021DV1L5,2963.0928
20161202,ID0021DVBV2,1180.9513
20161202,ID0021F28B8,6483.96
20161202,ID0021F38P2,12275.692
20161202,ID0021F3D17,0.0
20161202,ID0021F3HJ9,0.0
20161202,ID0021HCWH4,48650.68
20161202,ID0021NWMW4,0.0
20161202,ID0021NWP84,0.0
20161202,ID0021NXJ23,5318.803
20161202,ID0021NXNN1,0.0
20161202,ID0021NXQL6,0.0
20161202,ID0021NXVY1,0.0
20161202,ID0021VPNB5,31828.852
20161202,ID0021VPXX9,282374.5
20161202,ID0021W6FD9,78913.84
20161202,ID0021W6VC5,0.0
20161202,ID0021XCF13,0.0
20161202,ID0021XLF04,13965.54
20161202,ID0021Y8TW2,0.0
20161202,ID00225YF82,117220.95
20161202,ID00225YKF3,1866.0096
20161202,ID00225YN67,1172.3314
20161202,ID00225YQM2,0.0
20161202,ID00225YYX3,0.0
20161202,ID00226MRQ7,13967.195
20161202,ID002290G70,0.0
20161202,ID002290GN2,0.0
20161202,ID0022FFLQ8,2689971.8
20161202,ID0022FFNV8,69847.82
20161202,ID0022FR5J8,16241255.0
20161202,ID0022FR5Y1,2479138.0
20161202,ID0022MC4V8,0.0
20161202,ID0022MCC68,15769.619
20161202,ID0022MCHX7,327799.44
20161202,ID0022NZRX8,165540.0
20161202,ID0022QW5V4,553153.5
20161202,ID0022QWZJ2,2944.2002
20161202,ID0022QX3B0,456296.88
20161202,ID0022TDT47,11009.545
20161202,ID0022TFLF0,140880.28
20161202,ID0022TFN93,676768.06
20161202,ID002422628,0.0
20161202,ID002422637,0.0
20161202,ID002422646,0.0
20161202,ID002422655,0.0
20161202,ID0024226N5,0.0
20161202,ID0024226P3,0.0
20161202,ID0024226Q2,0.0
20161202,ID0024226S0,0.0
20161202,ID0024226T9,0.0
20161202,ID0024226V6,0.0
20161202,ID0024226W5,0.0
20161202,ID0024226X4,0.0
20161202,ID0024226Y3,0.0
20161202,ID0024226Z2,0.0
20161202,ID002422708,0.0
20161202,ID002422717,0.0
20161202,ID0024CJ8L3,5864994.5
20161202,ID0024DQFC7,91285.09
20161202,ID0024F69T0,0.0
20161202,ID0024F6QJ3,11531.36
20161202,ID0024G1263,98.04768
20161202,ID0024G9H44,0.0
20161202,ID0024G9LP2,1946.1914
20161202,ID0024L0502,12106.626
20161202,ID0024L46G9,0.0
20161202,ID0024MRWG5,19943.57
20161202,ID0024MSL41,261.1874
20161202,ID0024MSQ31,30943.732
20161202,ID0024MSQC1,0.0
20161202,ID0024MSQK2,27387.39
20161202,ID0024N3YB0,607.56
20161202,ID0024QJXK8,108956.92
20161202,ID0024QWWH9,0.0
20161202,ID00259F593,1867030.1
20161202,ID00259HPP9,0.0
20161202,ID0025BSRJ5,910249.75
20161202,ID0025DK6V1,0.0
20161202,ID0025DK6W0,0.0
20161202,ID0025DK6X9,0.0
20161202,ID0025DK6Y8,0.0
20161202,ID0025DK6Z7,0.0
20161202,ID0025DK703,0.0
20161202,ID0025DK712,0.0
20161202,ID0025DQ672,0.0
20161202,ID0025DQ681,0.0
20161202,ID0025DQ690,0.0
20161202,ID0025DQ6B7,0.0
20161202,ID0025DQ6F3,0.0
20161202,ID0025DQ6H1,0.0
20161202,ID0025DQ6J9,0.0
20161202,ID0025DQ6Q1,0.0
20161202,ID0025JCVJ6,111025.21
20161202,ID0025JDR68,25384.664
20161202,ID0025KKDD0,43297.953
20161202,ID0025KN8K0,1299.1125
20161202,ID0025KNF60,8101.071
20161202,ID0025KNKT4,0.0
20161202,ID0025L1NP4,0.0
20161202,ID0025NL0R6,25837.508
20161202,ID0025NL7H2,4371.68
20161202,ID0025NLZK6,3675.0166
20161202,ID0025NM0K2,44573.76
20161202,ID0025NM3Q0,0.0
20161202,ID0025NM6W6,7579.2466
20161202,ID0025NP519,9909.48
20161202,ID0025NP7N1,18468.713
20161202,ID0025RP8D1,13924555.0
20161202,ID0025WP813,4056015.0
20161202,ID0025X0F85,32589.064
20161202,ID0025X0WS6,1815665.6
20161202,ID0025YMHQ5,4297596.5
20161202,ID00260X9S2,510457.1
20161202,ID002654XX4,259.4135
20161202,ID00265DDC1,184502.22
20161202,ID00265DDV0,13051.906
20161202,ID00265V1Q2,6.7422004
20161202,ID0026Y52H6,6.7598577
20161202,ID0026Z4VQ0,16269.749
20161202,ID00271D6Q9,0.0
20161202,ID00271DBT5,0.0
20161202,ID00271DDP5,0.0
20161202,ID002768XB1,1380.8375
20161202,ID0027BGRG9,53469.71
20161202,ID0027J63S3,5373904.0
20161202,ID0027K1VY6,3266.9683
20161202,ID0027P7N04,0.0
20161202,ID0027P7NJ4,0.0
20161202,ID0027P7NQ6,0.0
20161202,ID0027P7QC4,0.0
20161202,ID0027P7QQ9,0.0
20161202,ID0027SZYF7,12725.7
20161202,ID0027T2XX3,0.0
20161202,ID0027TYNR7,0.0
20161202,ID0027Y8J58,0.0
20161202,ID0027YBXC5,2158.214
20161202,ID002802CL4,1021852.7
20161202,ID00280C6K7,0.0
20161202,ID00282QDG8,18989.654
20161202,ID00286MDF4,123276.25
20161202,ID00286RY54,201456.78
20161202,ID00286RYL6,34239.086
20161202,ID00289F135,46361.336
20161202,ID0028B6S40,398831.03
20161202,ID0028TWWY0,2555.7432
20161202,ID0028Z2G74,58157.9
20161202,ID0028Z2H81,114858.04
20161202,ID0028Z2HS9,0.0
20161202,ID0028Z2L19,2031.872
20161202,ID0028Z2NN1,2475.941
20161202,ID0028Z2TX7,0.0
20161202,ID0028Z2Z09,0.0
20161202,ID0028Z32H3,0.0
20161202,ID0028Z32V7,15026.031
20161202,ID0028Z3318,4464.7114
20161202,ID0028Z3390,0.0
20161202,ID0028Z33K7,0.0
20161202,ID0028Z33Y2,0.0
20161202,ID0028Z34L4,0.0
20161202,ID0028Z36N7,0.0
20161202,ID0028Z36V8,0.0
20161202,ID0028Z3764,0.0
20161202,ID0028Z37X4,435.63806
20161202,ID0028Z38F2,27179.78
20161202,ID0028Z3915,0.0
20161202,ID0028Z3B01,0.0
20161202,ID0028Z3BF5,577.46075
20161202,ID0028Z3BL8,0.0
20161202,ID0028Z3CF3,0.0
20161202,ID0028Z3CM5,0.0
20161202,ID0028Z3CX3,0.0
20161202,ID0028Z3D98,0.0
20161202,ID0028Z3GH2,0.0
20161202,ID0028Z3QP1,0.0
20161202,ID0028Z3QY1,0.0
20161202,ID0028Z3Y65,227131.9
20161202,ID0028Z3YM7,112939.266
20161202,ID0028Z3Z26,73714.56
20161202,ID0028Z3ZD4,12518.137
20161202,ID0028Z3ZP1,3150.853
20161202,ID0028Z42H2,12.289704
20161202,ID0028Z4362,597.9028
20161202,ID0028Z4415,3879.1914
20161202,ID0028Z44P9,30928.932
20161202,ID0028Z4503,52795.062
20161202,ID0028Z45C0,6320.9614
20161202,ID0028Z45S3,59152.27
20161202,ID0028Z4656,2853.3232
20161202,ID0028Z46L8,0.0
20161202,ID0028Z46X5,5147.718
20161202,ID0028Z4781,245.41165
20161202,ID0028Z47W4,0.0
20161202,ID0028Z48D3,0.0
20161202,ID0028Z48S7,0.0
20161202,ID0028Z4996,1910.7478
20161202,ID0028Z49R6,21051.049
20161202,ID0028Z4B64,0.0
20161202,ID0028Z4PX3,0.0
20161202,ID00293WYZ1,0.0
20161202,ID0029B67Z1,0.0
20161202,ID0029BDYV8,0.0
20161202,ID0029BJ8J3,0.0
20161202,ID0029BK0G1,0.0
20161202,ID0029F9HQ7,0.0
20161202,ID0029F9P61,0.0
20161202,ID0029FBGQ6,0.0
20161202,ID0029H02M9,9467.47
20161202,ID0029KCYD9,412670.66
20161202,ID0029NLMT2,22498.137
20161202,ID0029P0134,3965.4756
20161202,ID0029P6691,0.0
20161202,ID0029P69G7,0.0
20161202,ID0029P6BB7,0.0
20161202,ID0029P6DS5,0.0
20161202,ID0029S7TW8,7492.5625
20161202,ID0029S7YS2,17716.824
20161202,ID0029S7ZB7,34012.066
20161202,ID0029S86P5,93367.89
20161202,ID0029S89G9,58002.484
20161202,ID002B025R9,6136.607
20161202,ID002B4H7B8,0.0
20161202,ID002B5XD88,2664329.5
20161202,ID002B6S0R9,0.0
20161202,ID002B8C0G4,0.0
20161202,ID002B94RL6,159513.12
20161202,ID002B959X2,95322.484
20161202,ID002B95RC5,26563.428
20161202,ID002B95RY1,0.0
20161202,ID002BHC0V7,1746794.4
20161202,ID002BJ9PB4,987010.7
20161202,ID002CBKJH5,48846.492
20161202,ID002CLHQ72,6098.9224
20161202,ID002CR6DZ9,1806715.1
20161202,ID002CTZM38,0.0
20161202,ID002CZ0M05,0.0
20161202,ID002CZ2D03,0.0
20161202,ID002CZ2GY9,0.0
20161202,ID002CZ8C09,0.0
20161202,ID002D18B32,0.0
20161202,ID002D18HH4,0.0
20161202,ID002D190H0,0.0
20161202,ID002D1CW13,0.0
20161202,ID002D1D6G3,0.0
20161202,ID002D1D7F2,73692.97
20161202,ID002D1D860,47850.805
20161202,ID002D1DB63,0.0
20161202,ID002D1DBJ9,153810.52
20161202,ID002D9P5K0,234726.4
20161202,ID002DHWL65,0.0
20161202,ID002DKJTJ2,58290.207
20161202,ID002DRHJD7,8364.82
20161202,ID002DV73Q0,0.0
20161202,ID002DZZTM7,0.0
20161202,ID002DZZYD6,0.0
20161202,ID002F000Q9,0.0
20161202,ID002F00203,0.0
20161202,ID002F005C3,31668.13
20161202,ID002F009C5,5322.9097
20161202,ID002F04548,23382.984
20161202,ID002F2BCS5,0.0
20161202,ID002F2BKJ7,0.0
20161202,ID002F2BNP4,0.0
20161202,ID002F2BP33,0.0
20161202,ID002G0BWR5,205196.69
20161202,ID002G4SL11,3131.0498
20161202,ID002G4TNJ7,0.0
20161202,ID002G933J8,0.0
20161202,ID002GCK0W3,6227.173
20161202,ID002GCK847,0.0
20161202,ID002GD65B9,0.0
20161202,ID002GD6BM4,0.0
20161202,ID002GD6VL1,1526.2991
20161202,ID002GD7341,0.0
20161202,ID002GD7430,0.0
20161202,ID002GD74K1,0.0
20161202,ID002GD7J73,6016.4263
20161202,ID002GD7K52,0.0
20161202,ID002GD7L32,0.0
20161202,ID002GD7LR6,0.0
20161202,ID002GD7M94,0.0
20161202,ID002GD7MP6,0.0
20161202,ID002GD7N47,0.0
20161202,ID002GD8YL3,10847.801
20161202,ID002GGCML7,937167.2
20161202,ID002GJZV45,2117764.5
20161202,ID002GK0725,156607.78
20161202,ID002GKHZR8,979054.9
20161202,ID002GMP1H1,115481.14
20161202,ID002H0TF83,21777.977
20161202,ID002H0TFX5,88399.016
20161202,ID002H59B65,11373.311
20161202,ID002MXJF68,10942.678
20161202,ID002MXTY11,52485.195
20161202,ID002N03764,39647.086
20161202,ID002N07KY0,0.0
20161202,ID002N09X34,186416.75
20161202,ID002N0QCJ4,0.0
20161202,ID002N0TKY6,0.0
20161202,ID002N0V273,0.0
20161202,ID002N0V8L4,30314.852
20161202,ID002N0VJP6,338833.7
20161202,ID002N0W860,1800.513
20161202,ID002N0W995,0.0
20161202,ID002N0WDC2,32029.229
20161202,ID002N0X271,0.0
20161202,ID002N0XBG1,0.0
20161202,ID002N0XCM2,816.06757
20161202,ID002N0XF36,0.0
20161202,ID002N0XJL8,0.0
20161202,ID002N0XLQ8,0.0
20161202,ID002N0XSW6,2814.6902
20161202,ID002N0XTM5,0.0
20161202,ID002N0XW93,0.0
20161202,ID002N0XYQ0,0.0
20161202,ID002N0XZH7,0.0
20161202,ID002N0Y136,0.0
20161202,ID002N0Y1M5,0.0
20161202,ID002N0Y270,0.0
20161202,ID002N0Y403,0.0
20161202,ID002N0Y5K8,0.0
20161202,ID002N0Y831,0.0
20161202,ID002N0YC78,0.0
20161202,ID002N0YHH6,0.0
20161202,ID002N0YJR1,0.0
20161202,ID002N0YN47,0.0
20161202,ID002N0YP79,0.0
20161202,ID002N0YQL1,0.0
20161202,ID002N0YRD8,0.0
20161202,ID002N0YSZ2,0.0
20161202,ID002N0YV67,0.0
20161202,ID002N0YX09,0.0
20161202,ID002N0YYH9,0.0
20161202,ID002N0Z1W3,0.0
20161202,ID002N0Z4F6,0.0
20161202,ID002N0Z5V5,0.0
20161202,ID002N0Z6S7,0.0
20161202,ID002N10382,0.0
20161202,ID002N10435,0.0
20161202,ID002N2MK33,0.0
20161202,ID002N3M3Y5,0.0
20161202,ID002N3MFL2,0.0
20161202,ID002N3MK68,0.0
20161202,ID002N3MNC5,0.0
20161202,ID002N3MRF3,0.0
20161202,ID002N3P3X3,0.0
20161202,ID002N3P9L3,0.0
20161202,ID002N3PGT9,0.0
20161202,ID002N3PQ44,28260.85
20161202,ID002N3PYQ3,10609.093
20161202,ID002N3Q157,0.0
20161202,ID002N3Q2V6,0.0
20161202,ID002N3Q4R7,0.0
20161202,ID002N3Q816,0.0
20161202,ID002N3Q9P8,0.0
20161202,ID002N3QCR9,0.0
20161202,ID002N3QFB9,0.0
20161202,ID002N3QK37,0.0
20161202,ID002N3RS39,0.0
20161202,ID002N3RWC0,14994.329
20161202,ID002N3S057,0.0
20161202,ID002N3S3C3,0.0
20161202,ID002N3S5Z3,0.0
20161202,ID002N3S7K5,2824.043
20161202,ID002N3Z7X3,0.0
20161202,ID002N6MPG9,16520.816
20161202,ID002N6MTY1,229166.36
20161202,ID002N6P3G5,0.0
20161202,ID002N6P534,0.0
20161202,ID002N74MY4,144827.6
20161202,ID002NKKHG8,51474.09
20161202,ID002PD6280,28793.611
20161202,ID002PQVD61,0.0
20161202,ID002PQZN10,244774.14
20161202,ID002PQZNF5,0.0
20161202,ID002PQZP15,4791.995
20161202,ID002PQZPF0,82234.836
20161202,ID002PR0T22,4970.4126
20161202,ID002PVH956,0.0
20161202,ID002PXX1S6,22096.445
20161202,ID002Q1K476,743381.8
20161202,ID002Q1LWQ2,146129.47
20161202,ID002Q1M385,24426.191
20161202,ID002Q1M456,467593.53
20161202,ID002Q24JY9,0.0
20161202,ID002Q24LK9,27609.994
20161202,ID002Q24X41,0.0
20161202,ID002Q5B4H6,12487.88
20161202,ID002Q5BNM8,4133.7524
20161202,ID002Q78QM1,24852.012
20161202,ID002Q78RY6,2102.617
20161202,ID002Q8GZX8,0.0
20161202,ID002Q8TX41,0.0
20161202,ID002Q9X1Z0,110870.45
20161202,ID002QB90Q4,102643.31
20161202,ID002QCYNH4,42508.195
20161202,ID002QH8XZ0,7201.065
20161202,ID002QH9FM2,0.0
20161202,ID002QH9PQ6,0.0
20161202,ID002QHB3N5,0.0
20161202,ID002QHB4V4,0.0
20161202,ID002QHB5M1,0.0
20161202,ID002QHB952,7046.633
20161202,ID002QHBB02,0.0
20161202,ID002QHCDF1,0.0
20161202,ID002QHCF48,0.0
20161202,ID002QHCG46,400.60693
20161202,ID002QHCHB6,0.0
20161202,ID002QHCJG7,0.0
20161202,ID002QHDJ03,0.0
20161202,ID002QHF5Z3,0.0
20161202,ID002QHFBR9,0.0
20161202,ID002QHFF81,0.0
20161202,ID002QHFN93,0.0
20161202,ID002QHFSV7,0.0
20161202,ID002QHFW11,0.0
20161202,ID002QHFWR3,0.0
20161202,ID002QHFXQ2,0.0
20161202,ID002QHFZ87,0.0
20161202,ID002QHG2Z9,0.0
20161202,ID002QHG528,0.0
20161202,ID002QJCK89,1671449.0
20161202,ID002QJXF32,372740.0
20161202,ID002QLT981,49259.402
20161202,ID002QNWFG0,741348.9
20161202,ID002QR5M58,0.0
20161202,ID002QR5QT3,11887.688
20161202,ID002QR5TJ8,0.0
20161202,ID002QR5WC8,99170.445
20161202,ID002QR5Y34,0.0
20161202,ID002QR5ZS4,0.0
20161202,ID002QR61H0,0.0
20161202,ID002QR62V2,0.0
20161202,ID002QR67W0,2588.912
20161202,ID002QR68V9,432.3799
20161202,ID002QR7K14,0.0
20161202,ID002QR8CJ2,0.0
20161202,ID002QR90W2,0.0
20161202,ID002QR98W5,0.0
20161202,ID002QR9G84,0.0
20161202,ID002QR9MH1,0.0
20161202,ID002QR9PH4,0.0
20161202,ID002QR9WX1,0.0
20161202,ID002QRCCW2,563.5305
20161202,ID002QTJL33,101861.99
20161202,ID002QTJMD0,0.0
20161202,ID002QTKYZ8,2411.5232
20161202,ID002QTL8F6,0.0
20161202,ID002R07YZ5,933173.44
20161202,ID002RQVRN9,23138.459
20161202,ID002RRB3Y0,1519652.1
20161202,ID002RRB5Z4,662584.0
20161202,ID002RWFFF9,0.0
20161202,ID002RWFQR2,481.2549
20161202,ID002RWFY86,0.0
20161202,ID002RWG2Q5,0.0
20161202,ID002RWGG84,0.0
20161202,ID002RWGL83,0.0
20161202,ID002RWGNT6,0.0
20161202,ID002RWGVL6,5805.8184
20161202,ID002RWGY58,0.0
20161202,ID002RWGZ00,0.0
20161202,ID002S09WN9,0.0
20161202,ID002S09XM8,0.0
20161202,ID002S0B092,209.72498
20161202,ID002V28LX5,12713.035
20161202,ID002VBQZ28,484165.16
20161202,ID002VHL3K1,0.0
20161202,ID002VKF2F9,0.0
20161202,ID002VYCS92,1402423.6
20161202,ID002VYTY55,28286.402
20161202,ID002W51DG1,308307.6
20161202,ID002W51TQ5,712333.8
20161202,ID002W51ZD5,69814.5
20161202,ID002W523V5,11032.054
20161202,ID002W52CN4,0.0
20161202,ID002W52KY4,2313.4495
20161202,ID002W52SK2,0.0
20161202,ID002W530J4,0.0
20161202,ID002W53H98,6685.673
20161202,ID002W53XS2,1439.3722
20161202,ID002W543S7,0.0
20161202,ID002W54L89,49044.168
20161202,ID002W555Y4,730475.1
20161202,ID002W55CV2,228785.52
20161202,ID002W55GZ9,0.0
20161202,ID002W5DGT7,1930.6329
20161202,ID002W5T6B1,263044.6
20161202,ID002W8PL99,0.0
20161202,ID002W94LG2,160416.8
20161202,ID002W99M57,307089.0
20161202,ID002W99MM8,14795.124
20161202,ID002WBKJ47,0.0
20161202,ID002WDRVX7,0.0
20161202,ID002WJKNZ7,8028.904
20161202,ID002WK8HY2,37697.39
20161202,ID002WK95C1,667.6366
20161202,ID002WLZWT3,0.0
20161202,ID002WM1L67,0.0
20161202,ID002WRZYR8,69024.78
20161202,ID002WS3503,3267.004
20161202,ID002WXYKS5,151552.77
20161202,ID002WYG4X3,46724.402
20161202,ID002XQ3LT0,0.0
20161202,ID002XQH5N6,1893094.4
20161202,ID002XX2L43,0.0
20161202,ID002XX4NC8,0.0
20161202,ID002XXBV14,0.0
20161202,ID002Y0R711,0.0
20161202,ID002YL04D8,192.36836
20161202,ID002YMXRJ3,2254706.5
20161202,ID002YTDZP5,116599.73
20161202,ID002YVMSH5,0.0
20161202,ID002YWYR00,0.0
20161202,ID002YWZ1C3,0.0
20161202,ID002YWZ6F9,0.0
20161202,ID002YWZF78,0.0
20161202,ID002YX0H43,838472.56
20161202,ID002YX0W95,0.0
20161202,ID002YX0X66,274581.56
20161202,ID002Z08V81,0.0
20161202,ID002Z0H0M3,2155.3215
20161202,ID002Z0J826,0.0
20161202,ID002Z0JHR9,0.0
20161202,ID002Z0JYC8,0.0
20161202,ID002Z0K8L3,0.0
20161202,ID002Z0K9N9,0.0
20161202,ID002Z0KBQ1,0.0
20161202,ID002Z0KCM3,0.0
20161202,ID002Z0KFZ2,0.0
20161202,ID002Z0LB80,0.0
20161202,ID002Z340D1,1644755.8
20161202,ID002Z53VN8,0.0
20161202,ID002Z53Z13,10460.546
20161202,ID002ZGNFL9,48930.223
20161202,ID002ZKDJ97,8057.7725
20161202,ID002ZL3MD4,239004.36
20161202,ID002ZL4880,716126.5
20161202,ID002ZL4WS5,277112.7
20161202,ID002ZL6FH2,324432.7
20161202,ID002ZPXX75,24560.576
20161202,ID002ZTMNJ8,0.0
20161202,ID002ZTMQZ3,0.0
20161202,ID002ZTMRG2,0.0
20161202,ID003218C30,157557.56
20161202,ID00321SBS3,0.0
20161202,ID00321SHR1,0.0
20161202,ID003241JT8,7141949.5
20161202,ID003241MZ4,21337214.0
20161202,ID0032420X3,536791.6
20161202,ID0032423S3,1193299.2
20161202,ID0032468B6,1506815.5
20161202,ID003246BV7,786335.1
20161202,ID003246T93,873997.1
20161202,ID0032473Z0,13912252.0
20161202,ID00325BD80,8256.389
20161202,ID00328N3G4,236277.81
20161202,ID00328NPF6,232568.8
20161202,ID003291W18,0.0
20161202,ID0032HMZN6,1806970.6
20161202,ID0032JYVT2,4245869.5
20161202,ID0032KT5J3,59426.016
20161202,ID0032L4LC0,0.0
20161202,ID0032NRV93,14356.612
20161202,ID0032NRZR4,261.0625
20161202,ID0032NS456,0.0
20161202,ID0032VT2H8,0.0
20161202,ID0032Y7X33,452.5902
20161202,ID003368RL5,4301311.0
20161202,ID00337BX36,2940834.5
20161202,ID00337VDP4,0.0
20161202,ID0033B83H2,0.0
20161202,ID0033B8P01,1151.22
20161202,ID0033B8P83,0.0
20161202,ID0033JZSK6,1681.1954
20161202,ID0033N6J47,8943.373
20161202,ID0033XLQ88,11554.042
20161202,ID0033YBGZ9,0.0
20161202,ID00341VG42,0.0
20161202,ID0034VQZY7,0.0
20161202,ID0034W4L61,1986591.0
20161202,ID0034Y9WZ6,87259.734
20161202,ID00351CYC4,0.0
20161202,ID00351D3S4,1189.44
20161202,ID0035689Z8,125140.86
20161202,ID003568FK0,0.0
20161202,ID003568MQ9,11227.727
20161202,ID003569DG9,82683.07
20161202,ID003569LB6,0.0
20161202,ID00359T3V6,54685.2
20161202,ID00359WC88,3649.5403
20161202,ID0035GJD58,82842.95
20161202,ID0035GLYB2,689315.6
20161202,ID0035H8LL2,0.0
20161202,ID0035H8N74,0.0
20161202,ID0035H8NY4,0.0
20161202,ID0035H8Q68,0.0
20161202,ID0035H8S19,0.0
20161202,ID0035H8T26,0.0
20161202,ID0035H8TL5,0.0
20161202,ID0035H8TY1,0.0
20161202,ID0035H8VC0,0.0
20161202,ID0035H8VL0,0.0
20161202,ID0035H8WG4,0.0
20161202,ID0035H8WZ3,0.0
20161202,ID0035H8Z04,0.0
20161202,ID0035H9055,277175.75
20161202,ID0035H9153,0.0
20161202,ID0035H92C3,0.0
20161202,ID0035H92Q8,84245.28
20161202,ID0035H93Z6,0.0
20161202,ID0035H94F6,0.0
20161202,ID0035H95N4,0.0
20161202,ID0035H9876,0.0
20161202,ID0035H9P78,0.0
20161202,ID0035H9PY8,0.0
20161202,ID0035H9R56,0.0
20161202,ID0035H9RR2,0.0
20161202,ID0035H9S54,104326.44
20161202,ID0035H9V48,0.0
20161202,ID0035H9W73,0.0
20161202,ID0035HB9W3,0.0
20161202,ID0035HBBZ5,0.0
20161202,ID0035HBCL8,0.0
20161202,ID0035JJC54,115164.95
20161202,ID0035MC2C8,1235.19
20161202,ID0035MCY56,156144.08
20161202,ID0035PVXZ7,26653.594
20161202,ID0035PYLT7,40032.535
20161202,ID0035QBLP4,1663.0514
20161202,ID0035QC3N5,2285.206
20161202,ID0035QC6N8,142077.0
20161202,ID0035QCFG6,27139.773
20161202,ID0035QCJQ7,4.14589
20161202,ID0035QCL73,0.0
20161202,ID0035QCNB4,8535.847
20161202,ID0035QCVD4,12572.55
20161202,ID0035QD247,19645.832
20161202,ID0035QD5Q6,4631.5396
20161202,ID0035QGRZ5,655.2009
20161202,ID0035QLT58,0.0
20161202,ID0035QQXT8,0.0
20161202,ID0035QQZT3,0.0
20161202,ID0035QR1J8,0.0
20161202,ID0035QR3Y7,0.0
20161202,ID0035QR7F9,0.0
20161202,ID0035SV9T1,0.0
20161202,ID0035SWXP1,0.0
20161202,ID0035SXF06,0.0
20161202,ID0035SXJ71,0.0
20161202,ID0035SXM92,0.0
20161202,ID0035SXMK9,0.0
20161202,ID0035SXMW6,0.0
20161202,ID0035SXN54,0.0
20161202,ID0035SXNZ1,0.0
20161202,ID0035SXPF8,0.0
20161202,ID0035SXPS4,0.0
20161202,ID0035SXPZ6,0.0
20161202,ID0035W98W5,0.0
20161202,ID00362J243,0.0
20161202,ID003652XR1,0.0
20161202,ID00366FTN8,0.0
20161202,ID00366G6C9,0.0
20161202,ID00366LLR4,5.8541603
20161202,ID00366Q1F6,17846.4
20161202,ID00366Q1W7,8960.17
20161202,ID00366QFB9,268890.44
20161202,ID00366QKM6,0.0
20161202,ID00366QRM1,105833.66
20161202,ID00366QS21,0.0
20161202,ID00366QT10,0.0
20161202,ID00366QTF5,0.0
20161202,ID00366S0N7,91.3941
20161202,ID00366S1G3,0.0
20161202,ID00366S1X4,0.0
20161202,ID00366S280,0.0
20161202,ID00366S2V4,0.0
20161202,ID00366S351,0.0
20161202,ID00366S3M2,0.0
20161202,ID00366S3W1,0.0
20161202,ID00366S4B2,0.0
20161202,ID00366S4M0,0.0
20161202,ID00366S592,0.0
20161202,ID00366S5N6,0.0
20161202,ID00366S6K7,0.0
20161202,ID00366S707,0.0
20161202,ID00366S7X1,0.0
20161202,ID00366S8D1,0.0
20161202,ID00366S8T4,0.0
20161202,ID00366S9C0,0.0
20161202,ID00366S9X7,0.0
20161202,ID00366SBH0,0.0
20161202,ID0036GJ6Y0,58538.797
20161202,ID0036JK878,37228.08
20161202,ID0036JK8G8,0.0
20161202,ID0036JKD40,0.0
20161202,ID0036JKFL6,0.0
20161202,ID0036JKG98,0.0
20161202,ID0036JKGY0,0.0
20161202,ID0036JKHZ7,40273.0
20161202,ID0036JKJF5,0.0
20161202,ID0036R85W2,7789.7227
20161202,ID0036R87Y6,260237.02
20161202,ID0036R88H3,0.0
20161202,ID0036T80S4,0.0
20161202,ID0036T80W9,0.0
20161202,ID0036T80X8,0.0
20161202,ID0036T81C9,0.0
20161202,ID0036WVLK3,86208.98
20161202,ID0036X6HW5,0.0
20161202,ID0036X6LK9,0.0
20161202,ID0036X6N98,0.0
20161202,ID0036X7042,0.0
20161202,ID0036X74P1,0.0
20161202,ID0036X7BW7,1426.2734
20161202,ID0036X7CM6,0.0
20161202,ID0036X7D71,0.0
20161202,ID0036YLP94,100622.93
20161202,ID0037QXZ04,815795.5
20161202,ID0037R3TL6,0.0
20161202,ID0037R3YT7,0.0
20161202,ID0037R4PH8,0.0
20161202,ID0037R5MP5,0.0
20161202,ID0037R5NB8,0.0
20161202,ID0037R6CV9,0.0
20161202,ID0037R75R8,0.0
20161202,ID0037R7R63,0.0
20161202,ID0037R9BJ2,0.0
20161202,ID0037R9Q90,0.0
20161202,ID0037R9SR6,0.0
20161202,ID0037R9TJ3,0.0
20161202,ID0037SX8B8,141710.77
20161202,ID0037WNQ02,24871.875
20161202,ID00388PVB9,6240.9785
20161202,ID00393J9W2,10418.207
20161202,ID00393JV62,0.0
20161202,ID00393KW13,0.0
20161202,ID00393M2M4,103038.12
20161202,ID00393MV31,2178.511
20161202,ID00393QR18,0.0
20161202,ID00393QX06,4616.504
20161202,ID00397CVG9,32069.926
20161202,ID0039BTTB2,11342.614
20161202,ID0039BVGB7,0.0
20161202,ID0039DGY03,0.0
20161202,ID0039DGY12,0.0
20161202,ID003B8XYV8,304849.53
20161202,ID003BC3DZ4,0.0
20161202,ID003BCBN10,0.0
20161202,ID003BCCCV0,332022.44
20161202,ID003BCCLX8,16255.997
20161202,ID003BCCQX7,157892.56
20161202,ID003BJ4NB2,10369880.0
20161202,ID003BXJN43,367637.12
20161202,ID003BZGWN0,0.0
20161202,ID003BZJ100,0.0
20161202,ID003C7D0D5,27866.3
20161202,ID003C7D5Z0,63015.54
20161202,ID003C7D8N7,202368.61
20161202,ID003C7D9P3,2303.97
20161202,ID003C7DD29,354921.28
20161202,ID003C7DJM4,14898.0
20161202,ID003C7DKK3,69817.12
20161202,ID003C7DLP6,0.0
20161202,ID003C7DM56,147816.2
20161202,ID003C7DNC6,662558.44
20161202,ID003C7DPZ6,0.0
20161202,ID003C7DQY5,0.0
20161202,ID003CC3278,925608.94
20161202,ID003CDTG22,57089.15
20161202,ID003CKDTQ9,1073.3876
20161202,ID003CKMP87,137902.56
20161202,ID003CKNFD2,0.0
20161202,ID003CKR130,0.0
20161202,ID003D07778,151720.53
20161202,ID003D42QR1,0.0
20161202,ID003DD15X1,18209.146
20161202,ID003DKJHX0,0.0
20161202,ID003FD8W27,810384.2
20161202,ID003FD8YQ7,2739716.0
20161202,ID003FD90W3,219657.75
20161202,ID003FH03L9,2746913.5
20161202,ID003FWSXF7,192368.2
20161202,ID003FWT0F8,41512.97
20161202,ID003FWTYW5,22115.623
20161202,ID003FWV029,4098.209
20161202,ID003G0S576,13899.285
20161202,ID003G0S8X1,35645.0
20161202,ID003G0SFQ3,184795.92
20161202,ID003G2LJ97,52675.688
20161202,ID003G4DDC1,834362.06
20161202,ID003G4DHL2,9936731.0
20161202,ID003GM5P79,12781.774
20161202,ID003GM87N8,1805.4337
20161202,ID003GVLGS8,42768.81
20161202,ID003GW1860,9679755.0
20161202,ID003GW1XP4,1464.7101
20161202,ID003GX7DL4,19329.45
20161202,ID003H4DJZ2,0.0
20161202,ID003HBXP08,0.0
20161202,ID003HBXTW5,0.0
20161202,ID003HBY164,141514.33
20161202,ID003HBY3P9,0.0
20161202,ID003HC0PR3,37025.14
20161202,ID003HC0R53,0.0
20161202,ID003HC15S5,493305.7
20161202,ID003HC1HD5,0.0
20161202,ID003J618P3,1456488.2
20161202,ID003LJXK70,42243.324
20161202,ID003LNWGN3,5716.646
20161202,ID003LRS1B5,15319.322
20161202,ID003LRS296,26150.57
20161202,ID003M272B0,15653.408
20161202,ID003M28201,0.0
20161202,ID003M28CV5,0.0
20161202,ID003M28G19,61429.605
20161202,ID003M28L27,0.0
20161202,ID003M65JC5,0.0
20161202,ID003M9CLW4,23248.22
20161202,ID003M9K2B0,0.0
20161202,ID003M9NW58,0.0
20161202,ID003M9P369,550.50745
20161202,ID003M9P7L3,13226.46
20161202,ID003M9PC87,0.0
20161202,ID003M9PZL1,0.0
20161202,ID003M9QN82,80959.06
20161202,ID003MB29C9,6729.7466
20161202,ID003MB2F44,0.0
20161202,ID003MB2HS4,0.0
20161202,ID003MB46J6,0.0
20161202,ID003MB4866,0.0
20161202,ID003MB4DP4,0.0
20161202,ID003MB84C4,1565.505
20161202,ID003MCRJT0,3112.2002
20161202,ID003MCRLB4,14480.43
20161202,ID003MCRNF6,0.0
20161202,ID003MHSC31,244216.25
20161202,ID003MJ6PS5,1705076.5
20161202,ID003MJ6XJ8,232130.14
20161202,ID003MKNLX6,0.0
20161202,ID003ML9TG2,0.0
20161202,ID003MM9ZV9,210215.45
20161202,ID003MMSFB4,1047842.1
20161202,ID003MMTSF1,0.0
20161202,ID003MVBBK1,0.0
20161202,ID003NBB0P3,0.0
20161202,ID003NS5BJ6,44497.69
20161202,ID003NT51H8,0.0
20161202,ID003NT9H34,54732.98
20161202,ID003NT9NJ4,9385.838
20161202,ID003NT9PB7,0.0
20161202,ID003NT9Q25,4232.012
20161202,ID003NT9QY0,0.0
20161202,ID003NT9W68,0.0
20161202,ID003NT9WP7,944.3645
20161202,ID003NT9WX8,0.0
20161202,ID003NT9X57,0.0
20161202,ID003NT9XF6,0.0
20161202,ID003NT9XS2,0.0
20161202,ID003NT9Y28,0.0
20161202,ID003NT9ZT6,0.0
20161202,ID003NTB038,0.0
20161202,ID003NTB127,36495.523
20161202,ID003NTB1F3,0.0
20161202,ID003NTB225,0.0
20161202,ID003NTB2N2,1844.9247
20161202,ID003NTB3G8,0.0
20161202,ID003NTB4B1,0.0
20161202,ID003NTB5S0,0.0
20161202,ID003NTBB34,0.0
20161202,ID003NTBBD3,0.0
20161202,ID003NTBC69,0.0
20161202,ID003NTBCX9,992.59875
20161202,ID003NTBD94,0.0
20161202,ID003NTBDP6,0.0
20161202,ID003NTHCG2,745766.0
20161202,ID003NTHGM6,555216.8
20161202,ID003NTHGW5,327195.28
20161202,ID003NV1FB2,160968.05
20161202,ID003NVL5L1,88285.69
20161202,ID003NXBTB7,0.0
20161202,ID003NXK949,0.0
20161202,ID003P4Y964,4325.308
20161202,ID003P4YCV9,0.0
20161202,ID003P51G70,2029333.4
20161202,ID003P53ZW8,4073835.5
20161202,ID003P54483,479562.0
20161202,ID003P548Y5,886235.5
20161202,ID003P7LNJ6,178181.55
20161202,ID003P7LPT0,72923.44
20161202,ID003P7MDN2,5284685.0
20161202,ID003P7MLC6,317225.1
20161202,ID003P97FR6,46546.145
20161202,ID003PCFLJ6,396643.66
20161202,ID003PCFNW7,388444.9
20161202,ID003PD2SZ5,0.0
20161202,ID003PD2V42,13882.918
20161202,ID003PD3959,98078.82
20161202,ID003PFZ4F9,1131969.0
20161202,ID003PWRLF3,235158.2
20161202,ID003Q181G4,42806.805
20161202,ID003Q183X1,84699.15
20161202,ID003Q18B36,55849.363
20161202,ID003Q18GB6,8921.219
20161202,ID003Q18GR9,4873.2905
20161202,ID003Q18GZ0,2189.698
20161202,ID003Q1PDR7,0.0
20161202,ID003Q2RR56,31007.502
20161202,ID003Q2RRM7,130871.766
20161202,ID003Q5MDB8,6711.65
20161202,ID003QC1RS7,3371.4697
20161202,ID003QC84V7,69146.68
20161202,ID003QC9NW3,2958.122
20161202,ID003QCC3S8,39286.55
20161202,ID003QCC987,8820.793
20161202,ID003QCCKX4,0.0
20161202,ID003QCCWH6,0.0
20161202,ID003QCGGT4,0.0
20161202,ID003QGJLL9,0.0
20161202,ID003QGS4H2,0.0
20161202,ID003QK0TN1,1424376.5
20161202,ID003QK0W45,485288.53
20161202,ID003QK1D82,124399.0
20161202,ID003QK1PD9,44462.88
20161202,ID003QK1R90,7031.775
20161202,ID003QK21C2,397286.9
20161202,ID003QK29Q0,145015.53
20161202,ID003QK2QL7,175169.53
20161202,ID003QK2Y85,9675.21
20161202,ID003QKB6J4,10235.359
20161202,ID003QKBW07,15021.934
20161202,ID003QQG3R4,0.0
20161202,ID003QQJVG1,17085.85
20161202,ID003QSS6S9,31121.771
20161202,ID003QTQNS2,286817.06
20161202,ID003QTWXD9,504345.6
20161202,ID003RY9X43,1741.67
20161202,ID003RYPNQ3,0.0
20161202,ID003RYPSZ2,34942.848
20161202,ID003RYPTN3,8818.167
20161202,ID003S00MB1,0.0
20161202,ID003S01B24,0.0
20161202,ID003S9V794,0.0
20161202,ID003S9V838,0.0
20161202,ID003S9V9R0,0.0
20161202,ID003S9VNJ8,0.0
20161202,ID003SCPJB5,164792.31
20161202,ID003SG5MG6,0.0
20161202,ID003T0P9C1,13582570.0
20161202,ID003T12VZ0,1354.21
20161202,ID003T13RQ8,245.06703
20161202,ID003T1QC86,0.0
20161202,ID003T1QT07,0.0
20161202,ID003T1QWF4,0.0
20161202,ID003T1R4G4,0.0
20161202,ID003T1R6W1,26683.963
20161202,ID003T1R9L7,0.0
20161202,ID003T1RFF0,0.0
20161202,ID003T1RHF6,0.0
20161202,ID003T4K297,1983107.6
20161202,ID003T4KGK3,1164143.6
20161202,ID003T4KGT4,7921977.5
20161202,ID003T4Y470,33457990.0
20161202,ID003TBWPT5,0.0
20161202,ID003TNSL86,0.0
20161202,ID003TNSXM4,30858.49
20161202,ID003TXRWV5,125237.11
20161202,ID00423N060,17801296.0
20161202,ID00424LX04,0.0
20161202,ID00424LX86,0.0
20161202,ID00424M1M9,0.0
20161202,ID00424M6V8,0.0
20161202,ID00424MGD6,0.0
20161202,ID00424MJH6,0.0
20161202,ID00424MJT3,0.0
20161202,ID00424MW41,0.0
20161202,ID00424N1C9,0.0
20161202,ID00424N709,0.0
20161202,ID00424N7M5,0.0
20161202,ID00424N816,0.0
20161202,ID00424N8J7,0.0
20161202,ID00424N8Y0,0.0
20161202,ID00424NBL7,0.0
20161202,ID00424NM33,0.0
20161202,ID00424NX66,0.0
20161202,ID00424NXK0,0.0
20161202,ID00424NY19,0.0
20161202,ID00424NY91,0.0
20161202,ID00424NZG0,0.0
20161202,ID00424P1T9,0.0
20161202,ID00424PP34,0.0
20161202,ID00424PPC4,0.0
20161202,ID00424PPS7,0.0
20161202,ID00424PPX1,0.0
20161202,ID00424QB89,0.0
20161202,ID00424QZF8,0.0
20161202,ID00424SSQ0,0.0
20161202,ID0042FK271,7609175.5
20161202,ID0042M6VM1,0.0
20161202,ID0042MN120,0.0
20161202,ID0042QDBZ4,818953.06
20161202,ID0042VJXZ9,129955.695
20161202,ID0042VK490,0.0
20161202,ID0042XSLR0,19941.305
20161202,ID0042XVV76,15343.817
20161202,ID0042XVY25,185478.36
20161202,ID004332LM8,0.0
20161202,ID0043333Q3,0.0
20161202,ID004387J83,5221.6
20161202,ID0043CJ8X7,0.0
20161202,ID0043CJC22,0.0
20161202,ID0043CJGF9,51400.0
20161202,ID0043CJMK0,13446.051
20161202,ID0043GB6R7,1.748523
20161202,ID0043QB7S2,22131.494
20161202,ID0043QHMS3,0.0
20161202,ID0043WL7D4,46888.96
20161202,ID0043ZR518,0.0
20161202,ID00443M586,3913187.8
20161202,ID00445MWX4,23756.043
20161202,ID00448DY37,24110.861
20161202,ID004491V61,3752.2212
20161202,ID004496DY5,0.0
20161202,ID004499NH9,970061.75
20161202,ID0044J8LZ2,0.0
20161202,ID0044K1B60,0.0
20161202,ID0045CCBK9,11886.16
20161202,ID0045CCD98,0.0
20161202,ID0045P9SN4,0.0
20161202,ID0045PD2X5,0.0
20161202,ID0045X2475,1356874.5
20161202,ID00465B180,0.0
20161202,ID00468ZSV3,744070.4
20161202,ID00469MNR1,0.0
20161202,ID004736901,0.0
20161202,ID0047BWGW3,104342.71
20161202,ID0047BY6D4,0.0
20161202,ID0047DY882,665354.7
20161202,ID0047F2819,164277.38
20161202,ID0047F29H0,28610.188
20161202,ID0047F2B30,6444.4683
20161202,ID0047F2D45,89577.59
20161202,ID0047F2H73,644160.4
20161202,ID0049112W8,19172.133
20161202,ID004911775,8955.653
20161202,ID004916V86,239901.72
20161202,ID004916Z69,60382.28
20161202,ID00493H5S5,12672.957
20161202,ID00496JHH2,14974.369
20161202,ID00496LTP4,28839.473
20161202,ID0049F7304,576808.56
20161202,ID004BDJQ66,486300.16
20161202,ID004BHY842,6671.8647
20161202,ID004BHYFM6,0.0
20161202,ID004BQ8Q78,12991.943
20161202,ID004BQMH54,0.0
20161202,ID004BRWPH0,1499086.6
20161202,ID004BZGNX7,1642.9498
20161202,ID004C4N165,43.664402
20161202,ID004C4RXL4,0.0
20161202,ID004C4S0N3,0.0
20161202,ID004C4SKH6,0.0
20161202,ID004CDSD91,10433.343
20161202,ID004CH2YY6,808.7269
20161202,ID004CZFY09,345613.1
20161202,ID004D2D5M2,3378.39
20161202,ID004D2FK83,0.0
20161202,ID004D7WJX8,23619790.0
20161202,ID004DF5JN1,177991.17
20161202,ID004DJJ7W4,116691.81
20161202,ID004DZ1QM6,14494.363
20161202,ID004F79LH5,101574.34
20161202,ID004F7BZK7,14461.704
20161202,ID004F7QP78,0.0
20161202,ID004FDCDY7,0.0
20161202,ID004FFMC82,610.68
20161202,ID004FHH1G9,0.0
20161202,ID004FHHCH4,0.0
20161202,ID004FKMCT8,35255.45
20161202,ID004FL7803,18775.812
20161202,ID004FLBSL1,0.0
20161202,ID004FLBSM0,0.0
20161202,ID004FNB243,0.0
20161202,ID004FR5492,0.0
20161202,ID004FRJSD9,2827.5312
20161202,ID004FRRFL9,0.0
20161202,ID004FRSRN0,0.0
20161202,ID004FRV723,0.0
20161202,ID004FRVSK7,6645.266
20161202,ID004G01QQ6,0.0
20161202,ID004G39HL7,138589.44
20161202,ID004G39K03,203765.02
20161202,ID004G47KC0,6768.7563
20161202,ID004G47MY2,123147.586
20161202,ID004G47NS7,7271.0005
20161202,ID004G47Q91,28396.785
20161202,ID004G47S51,6323.717
20161202,ID004GTZ6J8,0.0
20161202,ID004GTZ6K6,0.0
20161202,ID004H1JYK3,0.0
20161202,ID004H1JYL2,0.0
20161202,ID004H5VKH4,0.0
20161202,ID004H791X9,640.9026
20161202,ID004H8C7Y9,0.0
20161202,ID004HL5GD1,0.0
20161202,ID004HL5HP6,5142.456
20161202,ID004HNSPN1,1547.3674
20161202,ID004HSW7P3,0.0
20161202,ID004HTR7S4,43978.22
20161202,ID004HWQQQ8,9387.95
20161202,ID004HWQQZ8,113954.41
20161202,ID004HWQR68,0.0
20161202,ID004HWQSK0,0.0
20161202,ID004HWQSR3,6215.076
20161202,ID004HWQSZ4,0.0
20161202,ID004HWQT55,4996.3003
20161202,ID004HWQTC7,0.0
20161202,ID004HWQTK8,10348.642
20161202,ID004HWQTS0,25045.309
20161202,ID004J92FY8,120118.336
20161202,ID004JDCGF7,48193.95
20161202,ID004JDQGR9,1147.0741
20161202,ID004JDS4X7,0.0
20161202,ID004JDS939,0.0
20161202,ID004K1M3X9,5028.949
20161202,ID004K2T5X5,382.82404
20161202,ID004K4V8W3,228565.1
20161202,ID004K52B19,1420697.2
20161202,ID004K52K37,89075.05
20161202,ID004K52LS8,455479.5
20161202,ID004K8XWB2,28684.627
20161202,ID004K945Q5,0.0
20161202,ID004KD4YK9,220809.97
20161202,ID004KFBTH1,69338.55
20161202,ID004KGF505,197538.78
20161202,ID004KGFQ72,482427.38
20161202,ID004LHNGQ1,100350.61
20161202,ID004LN45X5,630126.56
20161202,ID004LNRLY4,2714.0852
20161202,ID004LNWH77,1273768.8
20161202,ID004LSJH80,0.0
20161202,ID004LSJKV7,0.0
20161202,ID004LT5525,288118.9
20161202,ID004LT7VC5,368396.7
20161202,ID004LT8L18,494499.0
20161202,ID004LT9Q61,115224.31
20161202,ID004LTB369,138809.22
20161202,ID004LTCNC7,111593.04
20161202,ID004LTCRD7,624450.44
20161202,ID004M27086,543766.7
20161202,ID004MDSW70,10331.123
20161202,ID004MDV3Z9,14683.765
20161202,ID004MGY0Y6,15589998.0
20161202,ID004MP2G67,0.0
20161202,ID004MP75N7,23151.066
20161202,ID004MY72C7,0.0
20161202,ID004N1L5H0,240.03804
20161202,ID004N6DX50,396615.44
20161202,ID004N6GFY4,318369.88
20161202,ID004N6JVF7,3077559.8
20161202,ID004N6KQF6,780836.6
20161202,ID004N6PGD5,69481.93
20161202,ID004N6Q316,107629.76
20161202,ID004N6QLV3,350255.4
20161202,ID004N6R707,0.0
20161202,ID004N6VJ42,0.0
20161202,ID004N6W444,0.0
20161202,ID004N6W907,0.0
20161202,ID004N6WGC8,0.0
20161202,ID004N6WK11,0.0
20161202,ID004N6WWQ8,0.0
20161202,ID004NCKCV6,0.0
20161202,ID004NCM889,0.0
20161202,ID004NCNXC8,0.0
20161202,ID004NCQ493,0.0
20161202,ID004NFB0V5,875389.06
20161202,ID004P23GV6,0.0
20161202,ID004P243M4,70895.55
20161202,ID004P55K57,100570.47
20161202,ID004P55TD9,73050.35
20161202,ID004P55VW3,138281.58
20161202,ID004P562G4,149778.6
20161202,ID004P69SM5,1117480.5
20161202,ID004PK30B3,45957.34
20161202,ID004PP6D12,33160.37
20161202,ID004PQ5V75,0.0
20161202,ID004PQ5VM8,9436.413
20161202,ID004PQ5W46,0.0
20161202,ID004PQ60X3,638.67395
20161202,ID004PQB012,7455.7256
20161202,ID004PQP311,1754.9594
20161202,ID004PY0BX8,0.0
20161202,ID004PZN0R1,0.0
20161202,ID004PZN2H8,0.0
20161202,ID004QCXK96,0.0
20161202,ID004RK67K3,19023.367
20161202,ID004RNRF99,1576440.4
20161202,ID004RNRFH0,372881.75
20161202,ID004RPRHY2,0.0
20161202,ID004RPRTK1,0.0
20161202,ID004RPSP37,0.0
20161202,ID004RRMD63,60499.406
20161202,ID004RRWKK0,4755.5054
20161202,ID004RRX1L0,81730.41
20161202,ID004RRZPY1,0.0
20161202,ID004RS7L06,0.0
20161202,ID004RSD1L0,0.0
20161202,ID004RSD3T8,0.0
20161202,ID004RV5B67,0.0
20161202,ID004RWJ5F3,62933.727
20161202,ID004RWQR49,17718.0
20161202,ID004RWR653,0.0
20161202,ID004RWR7M2,0.0
20161202,ID004RWTHC9,0.0
20161202,ID004RWTMS1,0.0
20161202,ID004RWTNY2,0.0
20161202,ID004RWTXN2,0.0
20161202,ID004RWX399,0.0
20161202,ID004RWX576,0.0
20161202,ID004S4DJ88,131257.44
20161202,ID004S4GKD6,614473.56
20161202,ID004S61C81,0.0
20161202,ID004T2HP83,51614.938
20161202,ID004T4QY08,10600.076
20161202,ID004T6C4B2,2995.1462
20161202,ID004T6HJR7,2515928.2
20161202,ID004TCCPN9,0.0
20161202,ID004TMT465,937336.56
20161202,ID004TT51G1,19635.5
20161202,ID004TT6P86,0.0
20161202,ID004TTH7G5,0.0
20161202,ID004TZ8FR1,1141443.5
20161202,ID004V7D7P4,4488961.5
20161202,ID004V7RBC4,11051.083
20161202,ID004VCV942,123536.66
20161202,ID004WSNC66,80680.0
20161202,ID004WSP854,42431.52
20161202,ID004X6TTX0,397381.62
20161202,ID004X6V3Q2,161657.25
20161202,ID004XC5W48,786.49695
20161202,ID004XFG600,0.0
20161202,ID004XQ5FJ8,0.0
20161202,ID004YW21M4,255700.2
20161202,ID00539J8Z9,7315.389
20161202,ID0053Y81W4,102864.83
20161202,ID00559YT11,97717.8
20161202,ID00559YV34,0.0
20161202,ID0055B7D84,50686.02
20161202,ID0055B8269,46664.863
20161202,ID0055BHP13,0.0
20161202,ID0055BHY78,0.0
20161202,ID0055DV214,0.0
20161202,ID0055DV4G4,0.0
20161202,ID0055DV7H6,0.0
20161202,ID0055DW9V5,0.0
20161202,ID00563QG65,599686.06
20161202,ID00567KP35,2031063.5
20161202,ID00567L6N4,827792.56
20161202,ID00567LF90,946571.3
20161202,ID00567LM95,1552484.4
20161202,ID00567LV95,1251453.1
20161202,ID0056GJV61,54.9068
20161202,ID0056L8QD5,0.0
20161202,ID00579Y6N5,2281.0444
20161202,ID0057BPW53,0.0
20161202,ID0057BQ490,0.0
20161202,ID0057BX8K0,0.0
20161202,ID0057BXV65,0.0
20161202,ID0057F9HJ0,0.0
20161202,ID0057JPC96,0.0
20161202,ID0057K4LF9,0.0
20161202,ID0057K4LG8,3361.0498
20161202,ID0057K4LH7,4472.088
20161202,ID0057K4LJ5,0.0
20161202,ID0057K4LK3,0.0
20161202,ID0057K4LL2,0.0
20161202,ID0057YDV67,0.0
20161202,ID0057YDX81,0.0
20161202,ID0057ZX6F7,69131.5
20161202,ID005802GP4,0.0
20161202,ID0058141B8,647041.4
20161202,ID0058239K0,0.0
20161202,ID005823CQ7,0.0
20161202,ID005840QL0,5863.358
20161202,ID005846SL0,0.0
20161202,ID005846SR4,0.0
20161202,ID005846T01,0.0
20161202,ID005846T74,0.0
20161202,ID005846VW1,0.0
20161202,ID005846W86,0.0
20161202,ID005846WP7,0.0
20161202,ID005846XD8,0.0
20161202,ID005847290,7504.8
20161202,ID005847BK7,0.0
20161202,ID005847DF9,0.0
20161202,ID005847F00,0.0
20161202,ID005847JL9,0.0
20161202,ID005847MV1,0.0
20161202,ID005848G25,0.0
20161202,ID005848TV5,0.0
20161202,ID00584LF86,0.0
20161202,ID00584Q8K3,0.0
20161202,ID005884686,0.0
20161202,ID0058904C8,0.0
20161202,ID0058L76Q4,98095.11
20161202,ID0058Q0LT4,152990.25
20161202,ID0058Q5XR5,0.0
20161202,ID0058Q6D34,11664.109
20161202,ID0058QRRV9,15049.574
20161202,ID0058QSP97,0.0
20161202,ID0058QT279,0.0
20161202,ID0058QTPX9,0.0
20161202,ID0058QVPY5,652326.2
20161202,ID0058QVR53,634059.75
20161202,ID0058QVRW3,128758.016
20161202,ID0058QVY85,0.0
20161202,ID0058QVYP6,0.0
20161202,ID0058WNTH2,23121.023
20161202,ID0058WQP23,0.0
20161202,ID0059F2MG7,0.0
20161202,ID005BLJCW7,776586.06
20161202,ID005BLL0Z7,356642.1
20161202,ID005BNZNX0,10737.6045
20161202,ID005BP0116,391878.9
20161202,ID005BP0K87,272394.06
20161202,ID005BP0PB2,0.0
20161202,ID005BRK209,195415.48
20161202,ID005BRKCP0,0.0
20161202,ID005BRKDS5,0.0
20161202,ID005BRT0C1,0.0
20161202,ID005BRTZH9,0.0
20161202,ID005BRVDV9,0.0
20161202,ID005C3F715,189843.58
20161202,ID005C4BXZ3,105.87465
20161202,ID005C4M635,24347662.0
20161202,ID005CB9J18,9656.488
20161202,ID005CBBQ55,1559495.9
20161202,ID005CBBVL6,16039.959
20161202,ID005CBC088,447195.1
20161202,ID005CFV293,0.0
20161202,ID005CFWP55,0.0
20161202,ID005CHF0X4,1505131.2
20161202,ID005CHFXQ0,96.42624
20161202,ID005CM0YM7,18327762.0
20161202,ID005CP7CB3,10846.567
20161202,ID005CW6P93,14910.001
20161202,ID005CY5L62,204376.23
20161202,ID005CYVPB8,0.0
20161202,ID005CZ1KM7,0.0
20161202,ID005CZ1XY6,0.0
20161202,ID005D1WH99,557844.5
20161202,ID005D1WKC8,209244.31
20161202,ID005D1WN69,86122.17
20161202,ID005D1YRH6,26582.688
20161202,ID005D751L7,2346.857
20161202,ID005D7NYX2,739497.2
20161202,ID005D7PN00,0.0
20161202,ID005DKR768,12395.526
20161202,ID005DKTY30,1995857.5
20161202,ID005DKVQH9,2206878.8
20161202,ID005DNGWZ7,7338.146
20161202,ID005DNRW21,74066.27
20161202,ID005DP38Y0,7029.097
20161202,ID005DP59Z5,1026273.6
20161202,ID005DTTQL8,3918740.0
20161202,ID005DVD7G8,10619.623
20161202,ID005DVWLS3,0.0
20161202,ID005DVZDN3,0.0
20161202,ID005DXJZ58,0.0
20161202,ID005DYWMG8,20104.594
20161202,ID005F0QF81,0.0
20161202,ID005F0TCH5,344743.6
20161202,ID005F2FBC3,0.0
20161202,ID005F2FK42,0.0
20161202,ID005F2FL13,0.0
20161202,ID005F2FPL2,0.0
20161202,ID005FCFHR2,77050.164
20161202,ID005FGL3B4,3866999.0
20161202,ID005FGS1L0,4682286.5
20161202,ID005FH0X56,0.0
20161202,ID005FHF4J9,0.0
20161202,ID005FHGHZ1,0.0
20161202,ID005FHGQ72,0.0
20161202,ID005GBMMQ5,9885529.0
20161202,ID005GBRGB9,3835.6584
20161202,ID005GR7DM1,294981.66
20161202,ID005GR8M04,0.0
20161202,ID005GR97V2,0.0
20161202,ID005GR9PP9,0.0
20161202,ID005GRB8H3,47253.027
20161202,ID005GRBH29,140509.86
20161202,ID005H7MY87,0.0
20161202,ID005H80C41,5618.7256
20161202,ID005H80CR6,1207.4514
20161202,ID005H9LB75,456044.38
20161202,ID005H9XYL6,37038.98
20161202,ID005H9Y4Y7,228437.44
20161202,ID005H9YHV1,581307.75
20161202,ID005HB07Q1,0.0
20161202,ID005HB0GX3,0.0
20161202,ID005HB5CS3,665274.5
20161202,ID005HB83R1,316484.47
20161202,ID005HB9KK9,355695.12
20161202,ID005HBGML6,14112.24
20161202,ID005HBGN70,24660.191
20161202,ID005HBGRM4,632632.1
20161202,ID005HH9HZ7,149.80287
20161202,ID005HJNKS8,485917.84
20161202,ID005HNS6V1,29652.512
20161202,ID005HNY190,0.0
20161202,ID005HP53N7,0.0
20161202,ID005HP5J98,0.0
20161202,ID005HP5QJ1,0.0
20161202,ID005HQW961,1367.1449
20161202,ID005J40CY5,250684.08
20161202,ID005J40DW5,195669.47
20161202,ID005J40FG8,306530.53
20161202,ID005J40H74,101586.68
20161202,ID005J40HY4,2248267.8
20161202,ID005J40JK5,2698387.8
20161202,ID005JZPHQ7,21337.068
20161202,ID005K11RX6,0.61798996
20161202,ID005KBKZ83,1935087.0
20161202,ID005KBL5N1,155886.88
20161202,ID005KBRVH5,94961.68
20161202,ID005KBRWW6,14836.578
20161202,ID005KBS475,369483.5
20161202,ID005KBS572,0.0
20161202,ID005KBS9M7,1223.6881
20161202,ID005KBSB42,11829.24
20161202,ID005KBSBQ8,10032.5205
20161202,ID005KBSG05,8083.1895
20161202,ID005KDMFK7,583.1784
20161202,ID005KMVVS4,2346303.2
20161202,ID005KMXGY8,420.14508
20161202,ID005KMXK15,2340.6704
20161202,ID005KPWRK3,529.6555
20161202,ID005KWN465,0.0
20161202,ID005KWNXW2,0.0
20161202,ID005KWP597,0.0
20161202,ID005KWQB20,0.0
20161202,ID005L9CS00,17516.564
20161202,ID005M0GH44,0.0
20161202,ID005MB7YX1,0.0
20161202,ID005MR7TK1,4841.9253
20161202,ID005MWFBN7,394.72195
20161202,ID005MWFBP5,614.9682
20161202,ID005MWFBQ4,2849.0615
20161202,ID005MWFBR3,0.0
20161202,ID005MWFBS2,0.0
20161202,ID005MWFBT1,0.0
20161202,ID005MWFBW7,5.303823
20161202,ID005MWFBX6,0.0
20161202,ID005MWFBY5,0.0
20161202,ID005MWM9Q1,355208.6
20161202,ID005MWSGV3,0.0
20161202,ID005MX9K07,35717.105
20161202,ID005MY32P4,553870.06
20161202,ID005MY3452,544166.94
20161202,ID005MY5K27,0.0
20161202,ID005MY5Y63,0.0
20161202,ID005MY6468,0.0
20161202,ID005MZLYY1,4406.472
20161202,ID005MZQ0N2,7883.6797
20161202,ID005N0JM12,233219.17
20161202,ID005N1KZH2,0.0
20161202,ID005N1L1C1,0.0
20161202,ID005N1L3V6,40622.574
20161202,ID005N1M2D7,27836.793
20161202,ID005N1M639,80712.52
20161202,ID005N1M7C7,68624.73
20161202,ID005N1M9N1,0.0
20161202,ID005N1M9V2,0.0
20161202,ID005NB99J9,2641.444
20161202,ID005NB9BT3,0.0
20161202,ID005NBDS93,0.0
20161202,ID005NBF4G6,0.0
20161202,ID005NBF6C5,0.0
20161202,ID005NBF724,0.0
20161202,ID005NBFKX1,71665.51
20161202,ID005NBFM76,9223.5
20161202,ID005NBRJ98,0.0
20161202,ID005NCBPW3,0.0
20161202,ID005NCMN65,0.0
20161202,ID005NFKQN4,6393.2524
20161202,ID005NFKR25,86026.97
20161202,ID005NFMD33,12268.924
20161202,ID005NGP973,18876.936
20161202,ID005NGPG04,27187.79
20161202,ID005NGRTX8,5317.6494
20161202,ID005NL3KM4,0.0
20161202,ID005NL7BW9,18656.291
20161202,ID005NN6J04,8557.633
20161202,ID005NQ4Y79,27078.668
20161202,ID005NR9YT8,233890.55
20161202,ID005NS75J2,27634.873
20161202,ID005P0DSH6,8944.699
20161202,ID005P36KW8,1284.129
20161202,ID005P3CXX2,0.0
20161202,ID005P3YV35,0.0
20161202,ID005P7B4Q6,8494.407
20161202,ID005P8LG13,315825.16
20161202,ID005P9G9B2,8599.264
20161202,ID005P9XQK5,984.0678
20161202,ID005PD4Q37,22536.0
20161202,ID005PDGN40,71837.7
20161202,ID005PFXJR0,7959541.0
20161202,ID005PFXKH8,15467589.0
20161202,ID005PFXLS4,191457.61
20161202,ID005PFXN28,360585.62
20161202,ID005PSKX59,0.0
20161202,ID005PT9N70,0.0
20161202,ID005PTLS66,5372184.5
20161202,ID005Q1G018,17498.934
20161202,ID005Q1P6R7,11182.929
20161202,ID005Q27SD2,3510479.5
20161202,ID005Q29WD1,132396.08
20161202,ID005Q4PJC9,0.0
20161202,ID005Q4WCW4,0.0
20161202,ID005Q62TQ2,38551.17
20161202,ID005Q6KRN9,0.0
20161202,ID005Q6ZLF5,11566.463
20161202,ID005Q71066,2281.5422
20161202,ID005Q83650,12814.066
20161202,ID005QKPZJ0,59890.285
20161202,ID005QLP2Y4,330527.56
20161202,ID005QM0H94,22130.73
20161202,ID005QM14B9,54782.96
20161202,ID005QN2603,9016.577
20161202,ID005QN2S69,0.0
20161202,ID005SSKW49,11194.42
20161202,ID005SW26S1,32.498665
20161202,ID005SZHBS7,14400.089
20161202,ID005T0BCM3,31120.201
20161202,ID005T0DRZ4,387465.97
20161202,ID005T2WC73,0.0
20161202,ID005T31BJ4,0.0
20161202,ID005T33KJ2,0.0
20161202,ID005T33Q18,20765.385
20161202,ID005T6XFK1,816301.75
20161202,ID005TJ5J17,73078.945
20161202,ID005TMT6Q5,0.0
20161202,ID005TN8ZQ2,184900.12
20161202,ID005TRF6P0,375578.97
20161202,ID005TRF7W0,0.0
20161202,ID005TRFHQ5,0.0
20161202,ID005TRFS54,2607.9338
20161202,ID005TRG2S5,0.0
20161202,ID005TRGD65,0.0
20161202,ID005TRJWW1,0.0
20161202,ID005TRJXP7,0.0
20161202,ID005TRJZ45,122798.13
20161202,ID005TRVW20,24260.447
20161202,ID005TRW4C0,0.0
20161202,ID005TRW573,0.0
20161202,ID005TRWD94,0.0
20161202,ID005TRWFZ0,0.0
20161202,ID005TRWJM6,0.0
20161202,ID005TRWMX7,0.0
20161202,ID005TRWR66,0.0
20161202,ID005TRXPM1,21924.697
20161202,ID005TY0YX1,1355982.4
20161202,ID005V27YH9,0.0
20161202,ID005WNCDY3,0.0
20161202,ID005WQT9N9,0.0
20161202,ID005WQTC89,29349.3
20161202,ID005WQTSR3,0.0
20161202,ID005WQTWH5,0.0
20161202,ID005WQTYR0,0.0
20161202,ID005WQVFD3,0.0
20161202,ID005WQVG78,0.0
20161202,ID005WQVNF4,0.0
20161202,ID005WR6FJ3,0.0
20161202,ID005WR6MB6,5964.614
20161202,ID005WR6NS6,0.0
20161202,ID005WR6QG2,0.0
20161202,ID005WR6X22,102900.0
20161202,ID005WWD8T9,1276737.8
20161202,ID005WZ2WJ2,60184.9
20161202,ID005X0FHP0,62730.094
20161202,ID005X1MRH7,111385.86
20161202,ID005XF8D38,0.0
20161202,ID005XGSN32,1138.0425
20161202,ID005XGXG86,13398.058
20161202,ID005XH5XH8,272884.7
20161202,ID005XH79M3,44650.28
20161202,ID005XHDPB2,141440.45
20161202,ID005XHKB70,21964.041
20161202,ID005XHM6R7,20203.334
20161202,ID005XHMQS2,12445.0
20161202,ID005XNQ0N7,25964.389
20161202,ID005XV6W42,300667.3
20161202,ID005XVHPT8,0.0
20161202,ID005XWPV41,0.0
20161202,ID005XWQ084,0.0
20161202,ID005XWQ2G1,0.0
20161202,ID005XWQ4Z6,0.0
20161202,ID005XWQ6G2,0.0
20161202,ID005XWQ7H9,0.0
20161202,ID005XWQ832,0.0
20161202,ID005XWQ8P8,0.0
20161202,ID005Y0HMZ5,0.0
20161202,ID005YKF517,2226.3613
20161202,ID005YPF9J9,49215.99
20161202,ID005YQ69J7,0.0
20161202,ID005YXXLD1,36069.695
20161202,ID005Z1RLK9,1238.5234
20161202,ID005ZCRJ75,173498.89
20161202,ID005ZP9004,0.0
20161202,ID005ZPDBX9,16439.0
20161202,ID005ZPDD56,0.0
20161202,ID005ZPDWV5,0.0
20161202,ID005ZSQ1N2,386.57324
20161202,ID005ZT1ZC4,11206.038
20161202,ID005ZT2DT4,8018.391
20161202,ID005ZV4ST4,91558.71
20161202,ID00609JYC8,5077494.0
20161202,ID00609ZGZ4,128083.94
20161202,ID0060CFZQ7,105.74999
20161202,ID0060F5XZ6,106424.414
20161202,ID0060FNPY4,66203.21
20161202,ID0060MBR69,1893028.4
20161202,ID00614JM16,0.0
20161202,ID00614YCN7,0.0
20161202,ID00622W3Q9,0.0
20161202,ID006239PX6,79977.38
20161202,ID006239W98,0.0
20161202,ID006286W81,24833.082
20161202,ID006292BQ9,245993.9
20161202,ID0062971T3,416916.12
20161202,ID0062972G5,213933.53
20161202,ID006297300,73153.25
20161202,ID006297FR4,269.93625
20161202,ID00636DMH8,0.0
20161202,ID00636DP54,0.0
20161202,ID00639PH26,0.0
20161202,ID00639ZL71,9900682.0
20161202,ID0063F8XW3,21429.658
20161202,ID0063G48X9,0.0
20161202,ID0063JCFZ6,31702.613
20161202,ID0063MJVB3,211931.9
20161202,ID00640WYC8,11275.078
20161202,ID00645QMM9,347575.94
20161202,ID00645WT47,5159.755
20161202,ID0064M4KZ6,16233.318
20161202,ID0064NZPR8,12787.733
20161202,ID0064SWKR1,0.0
20161202,ID00658GSS4,3619.6875
20161202,ID0065XJJ79,5733808.5
20161202,ID0065XKXP6,60366.418
20161202,ID00662XL84,1233396.0
20161202,ID00662ZYN7,17842.465
20161202,ID0066698C6,111363.484
20161202,ID00667G7N6,0.0
20161202,ID0066FK9G7,0.0
20161202,ID0066HJTL5,0.0
20161202,ID0066HZVF9,0.0
20161202,ID0066JKVP0,0.0
20161202,ID0067D22R4,0.0
20161202,ID0067F84S8,8302.12
20161202,ID0067S6N55,28276558.0
20161202,ID0067TKTN4,8071.828
20161202,ID0067TSZJ7,33279.05
20161202,ID006887SY4,8876.175
20161202,ID0068DSYT3,5230.329
20161202,ID0068KF0L3,0.0
20161202,ID0068KH4H8,43556.402
20161202,ID0068KH6P4,111650.78
20161202,ID0068KHJW8,92283.766
20161202,ID0068KM419,0.0
20161202,ID0068N6D75,11892.898
20161202,ID0068R6V12,14950.287
20161202,ID0068R6WK9,2201662.2
20161202,ID0068RS2R4,499314.7
20161202,ID0068RS310,1378994.0
20161202,ID0068SHCM7,0.0
20161202,ID0068SHK21,103736.79
20161202,ID0068SHPL9,96870.91
20161202,ID0068SJ5V0,0.0
20161202,ID006980W17,206677.86
20161202,ID0069C79M9,6812.4004
20161202,ID0069F89M1,0.0
20161202,ID0069F8BV6,0.0
20161202,ID0069F8C99,1118.593
20161202,ID0069GK7B1,3719858.2
20161202,ID0069HWYH1,1275625.2
20161202,ID0069KHL16,76254.73
20161202,ID0069NNMX6,654.46924
20161202,ID0069NS434,9544.894
20161202,ID0069PJCG7,0.0
20161202,ID006B5XMD3,721549.75
20161202,ID006B5XP37,488467.12
20161202,ID006B5Y0N9,0.0
20161202,ID006B61H74,0.0
20161202,ID006B6DMV3,329718.78
20161202,ID006B70NV3,1902240.2
20161202,ID006B8QQK8,4474961.0
20161202,ID006B8T638,0.0
20161202,ID006B8TG54,4958.5
20161202,ID006B8TKQ2,377107.34
20161202,ID006B8VCV1,1965776.5
20161202,ID006BFD6C9,0.0
20161202,ID006BFDSC1,0.0
20161202,ID006BFM5S4,39725.65
20161202,ID006BFNJZ5,177950.39
20161202,ID006BFTP67,25813.049
20161202,ID006BGKWY8,0.0
20161202,ID006BGKXN8,1444855.0
20161202,ID006BGKXT2,0.0
20161202,ID006BGKYV7,456608.72
20161202,ID006BGKZ08,39846.348
20161202,ID006BGKZ44,6122.6567
20161202,ID006BGKZ99,0.0
20161202,ID006BGKZF2,39307.297
20161202,ID006BGMN58,476.78552
20161202,ID006BJ4926,8.267463
20161202,ID006BKLPJ0,135810.12
20161202,ID006BL35B0,0.0
20161202,ID006BNH6T0,87908.23
20161202,ID006BRBRJ2,16370.562
20161202,ID006C09QR6,0.0
20161202,ID006C0B8B0,0.0
20161202,ID006CZRWC2,7175.04
20161202,ID006CZRXC0,14803.517
20161202,ID006CZRXT2,0.0
20161202,ID006CZS353,0.0
20161202,ID006CZS399,2970.1284
20161202,ID006CZS3F2,1973.1447
20161202,ID006CZS3N3,23469.656
20161202,ID006CZS3X2,0.0
20161202,ID006CZS479,1263.1942
20161202,ID006CZS4C3,52120.777
20161202,ID006CZS4H8,8695.275
20161202,ID006CZS4M2,461.448
20161202,ID006CZS4R7,19703.832
20161202,ID006D88KL8,1444834.8
20161202,ID006F2PBT2,0.0
20161202,ID006F3DF78,63292.516
20161202,ID006F52559,3197.1025
20161202,ID006F529Z8,39580.5
20161202,ID006F8Q0X7,39437.023
20161202,ID006F8SHB2,141927.73
20161202,ID006FCV2N9,4544186.0
20161202,ID006FT2227,13845.671
20161202,ID006FT2469,47059.723
20161202,ID006G0ZXW2,0.0
20161202,ID006G1D145,53553.29
20161202,ID006G22DX7,512717.6
20161202,ID006G22KJ7,206036.67
20161202,ID006G231B6,186009.28
20161202,ID006G238X7,133622.22
20161202,ID006G23RF5,11161.063
20161202,ID006G25BB2,14898.602
20161202,ID006G26DS9,2215809.5
20161202,ID006G27LZ2,1418458.1
20161202,ID006G3K642,54536.78
20161202,ID006G41Q38,0.0
20161202,ID006G4LGZ3,1970512.6
20161202,ID006G4QPW1,1395.9921
20161202,ID006GNJH82,1319.76
20161202,ID006GNK639,0.0
20161202,ID006GNK8Y1,123866.42
20161202,ID006GNKGN5,0.0
20161202,ID006GS1S68,186286.8
20161202,ID006GS6NZ2,58510.703
20161202,ID006GSRFZ6,26376.816
20161202,ID006H0YXJ7,14527.717
20161202,ID006H1RJZ6,0.0
20161202,ID006H1RMN2,963.3422
20161202,ID006H1RQ35,8075.451
20161202,ID006H1RRY9,0.0
20161202,ID006H1RTM8,178.82047
20161202,ID006H1RX12,0.0
20161202,ID006H58MN4,654768.75
20161202,ID006HB9MY8,34765.152
20161202,ID006HCZ397,0.0
20161202,ID006HGLCL9,194606.12
20161202,ID006HGLK04,7908.5815
20161202,ID006HGS528,0.0
20161202,ID006HGVJ24,0.0
20161202,ID006JC54T4,44562.97
20161202,ID006JD53B3,3048.2915
20161202,ID006JD69M7,12404.943
20161202,ID006JNTFK8,114092.52
20161202,ID006JNVQX7,289049.84
20161202,ID006JX1DM9,10746.217
20161202,ID006K4W3R4,4696723.5
20161202,ID006K4W6M2,6113183.0
20161202,ID006K4WHT1,1642950.5
20161202,ID006K56HG1,4639.817
20161202,ID006K56ZP1,16050.014
20161202,ID006K5CZJ1,61856.07
20161202,ID006K65VP9,11144.965
20161202,ID006K66NB1,25907.715
20161202,ID006K67X82,3642.0803
20161202,ID006K6YBS8,14353.948
20161202,ID006K887J2,0.0
20161202,ID006K8FK87,0.0
20161202,ID006K8GGX7,0.0
20161202,ID006K8HRV4,0.0
20161202,ID006K8JH35,0.0
20161202,ID006K8K272,0.0
20161202,ID006K8KK09,0.0
20161202,ID006K8KY09,0.0
20161202,ID006K8W108,24424.824
20161202,ID006KCQPS3,3212669.2
20161202,ID006KCRYF7,331266.78
20161202,ID006KCSDK6,0.0
20161202,ID006KDQRL4,47131.06
20161202,ID006KDRQL5,0.0
20161202,ID006KDVHK1,0.0
20161202,ID006KDX892,39956.2
20161202,ID006KDXWY1,0.0
20161202,ID006KDY5R7,0.0
20161202,ID006KDY7B0,138897.42
20161202,ID006KDYPF6,0.0
20161202,ID006KDZMK6,0.0
20161202,ID006KDZMR9,0.0
20161202,ID006KDZNJ6,0.0
20161202,ID006KDZNY9,0.0
20161202,ID006KDZPJ1,0.0
20161202,ID006KDZPQ3,0.0
20161202,ID006KDZQH1,0.0
20161202,ID006KDZWM2,0.0
20161202,ID006KF0K96,0.0
20161202,ID006KGGBL3,4153225.8
20161202,ID006KJB1Y0,111997.21
20161202,ID006KJB526,409025.22
20161202,ID006KJB5Z0,0.0
20161202,ID006KJB8J2,7860.736
20161202,ID006KJBD47,7605.3877
20161202,ID006KJBH84,0.0
20161202,ID006KJBNM5,9107.401
20161202,ID006KJC650,7370.6226
20161202,ID006KJCTV1,1246.3973
20161202,ID006KJDCJ1,6031.2817
20161202,ID006KJR4N9,77567.68
20161202,ID006KY40Q6,4108368.0
20161202,ID006KZCX00,528520.6
20161202,ID006KZCZ50,69560.73
20161202,ID006KZCZX9,1685.1656
20161202,ID006KZD056,0.0
20161202,ID006L2P5V5,16427.336
20161202,ID006L7HDS0,0.0
20161202,ID006LB95X1,2037.0
20161202,ID006LXBVD5,0.0
20161202,ID006LXW5X7,0.0
20161202,ID006LZ6BM0,0.0
20161202,ID006LZZ7X5,0.0
20161202,ID006M07LF1,0.0
20161202,ID006M0GP44,0.0
20161202,ID006M290K5,0.0
20161202,ID006M2GB78,0.0
20161202,ID006M2GDC8,0.0
20161202,ID006M2GS53,0.0
20161202,ID006M2GTT5,0.0
20161202,ID006M2HBK2,0.0
20161202,ID006M2HDZ2,0.0
20161202,ID006M2HM28,0.0
20161202,ID006M2HND4,0.0
20161202,ID006M2HQH3,0.0
20161202,ID006M2HSP0,0.0
20161202,ID006M2HV64,0.0
20161202,ID006M2J6S3,0.0
20161202,ID006M2JHZ1,0.0
20161202,ID006M3BCG9,66781.3
20161202,ID006MFN039,1601225.2
20161202,ID006MFP206,0.0
20161202,ID006MFP386,0.0
20161202,ID006MFP439,0.0
20161202,ID006MHTRQ5,0.0
20161202,ID006MJ7TP2,0.0
20161202,ID006MJ84N8,0.0
20161202,ID006MJ8BR8,0.0
20161202,ID006MJCPC8,0.0
20161202,ID006MKPR55,1703080.5
20161202,ID006ML1TX4,0.0
20161202,ID006ML67K1,9275.154
20161202,ID006ML7BJ3,2601.1548
20161202,ID006ML8PM7,4086.4702
20161202,ID006MLGCQ3,0.0
20161202,ID006MLGL01,0.0
20161202,ID006MLH8J9,5323.9834
20161202,ID006MLX0J8,8176.401
20161202,ID006MLXSY0,0.0
20161202,ID006MLXVG3,0.0
20161202,ID006MM96N5,2016322.8
20161202,ID006MMKD57,59075.535
20161202,ID006N4MY12,0.0
20161202,ID006N4MZX4,0.0
20161202,ID006N6HNN3,0.0
20161202,ID006N6HZ10,14794.519
20161202,ID006N6J2S2,7039.725
20161202,ID006N6TMC4,0.0
20161202,ID006N71KP2,0.0
20161202,ID006N7CHQ6,0.0
20161202,ID006N7P640,0.0
20161202,ID006N7P971,0.0
20161202,ID006N7PN70,0.0
20161202,ID006N7RSP7,0.0
20161202,ID006N7SJG6,0.0
20161202,ID006N7SJX7,0.0
20161202,ID006N7SQM3,0.0
20161202,ID006N9S3R5,2115466.5
20161202,ID006NBDVF7,783322.1
20161202,ID006NBDWQ3,69039.125
20161202,ID006NBDZD0,220660.44
20161202,ID006NBF107,15118.045
20161202,ID006NBXCW8,18682.908
20161202,ID006NBXDW6,0.0
20161202,ID006NBXF79,16880.344
20161202,ID006NCL4N7,2798.4014
20161202,ID006NCLM02,137767.27
20161202,ID006ND5B57,17844.729
20161202,ID006NG2D86,7527.588
20161202,ID006NKYRR0,839771.75
20161202,ID006NSKTL0,0.0
20161202,ID006NXG3X8,1825028.9
20161202,ID006PWYQS3,0.0
20161202,ID006PWZ2L2,0.0
20161202,ID006PWZ5P1,0.0
20161202,ID006PWZ919,0.0
20161202,ID006Q0SKF6,0.0
20161202,ID006Q0TY74,0.0
20161202,ID006Q0TZQ0,12969.391
20161202,ID006Q0V1P3,34411.11
20161202,ID006Q34JC2,0.0
20161202,ID006Q34LM6,0.0
20161202,ID006Q34MM4,0.0
20161202,ID006Q34PQ3,0.0
20161202,ID006Q34R89,0.0
20161202,ID006Q34S78,0.0
20161202,ID006Q44QK5,2807.8984
20161202,ID006Q4HWL7,84182.66
20161202,ID006Q7MTZ6,470.8
20161202,ID006Q7RBC5,0.0
20161202,ID006Q7S3Y8,5508.675
20161202,ID006Q7SNN6,0.0
20161202,ID006Q7WC55,143128.55
20161202,ID006Q7WFB1,0.0
20161202,ID006Q7XW05,390201.9
20161202,ID006Q7YWG7,0.0
20161202,ID006Q821M1,14753.088
20161202,ID006Q835F9,6876.5117
20161202,ID006Q843Q1,4858.7026
20161202,ID006Q8BT59,0.0
20161202,ID006Q8N273,100248.36
20161202,ID006Q8N9N0,0.0
20161202,ID006Q8PCG9,184905.72
20161202,ID006Q8PDN9,93346.45
20161202,ID006Q8PGR8,8485.762
20161202,ID006Q8PJT0,2433.0732
20161202,ID006Q8PKX2,636371.2
20161202,ID006QQWTF5,749324.25
20161202,ID006QRB8Y1,0.0
20161202,ID006QRBNX9,0.0
20161202,ID006QRCM06,1489.1853
20161202,ID006QRDX01,839.025
20161202,ID006QSNH12,1270349.1
20161202,ID006QVDFQ3,246468.03
20161202,ID006QVMLB6,0.0
20161202,ID006QVT187,0.0
20161202,ID006QVTQX4,0.0
20161202,ID006R5KVT3,3096.4097
20161202,ID006R5KWP5,3123.5793
20161202,ID006R7PXD7,0.0
20161202,ID006R9FM11,0.0
20161202,ID006R9KYD6,24127.31
20161202,ID006R9L030,128987.14
20161202,ID006R9L1F5,3062.5095
20161202,ID006R9L6S0,9762.852
20161202,ID006RCB7Y5,9175.648
20161202,ID006RX1930,74110.46
20161202,ID006RZ8HG6,0.0
20161202,ID006S543P6,1848172.2
20161202,ID006S9TZ16,2075313.9
20161202,ID006S9WDD8,0.0
20161202,ID006S9WJ63,0.0
20161202,ID006S9WPZ7,474.05
20161202,ID006S9WQX7,2466.3223
20161202,ID006SXBR83,0.0
20161202,ID006SXC269,67397.234
20161202,ID006SXF4W3,19937.4
20161202,ID006T4JPC7,9012.449
20161202,ID006T4JRN1,13392.336
20161202,ID006T4JTC9,0.0
20161202,ID006T4JV52,0.0
20161202,ID006TDRZM5,14101.8
20161202,ID006TKZCY8,12243.362
20161202,ID006TLDFV6,0.0
20161202,ID006TLM9Y7,0.0
20161202,ID006TLMDN0,0.0
20161202,ID006TLMNY6,0.0
20161202,ID006TLMQ42,0.0
20161202,ID006TLMQL3,0.0
20161202,ID006TLMQT5,0.0
20161202,ID006TLN501,0.0
20161202,ID006TLN8C2,0.0
20161202,ID006TLN9J3,0.0
20161202,ID006TLN9R4,0.0
20161202,ID006TLN9Z5,0.0
20161202,ID006TLNBP1,0.0
20161202,ID006TLNC42,0.0
20161202,ID006TLNCC3,0.0
20161202,ID006TLNCM2,0.0
20161202,ID006TLNCW1,0.0
20161202,ID006TLND31,0.0
20161202,ID006TLNDK2,0.0
20161202,ID006TLNFG2,0.0
20161202,ID006TLNFX3,0.0
20161202,ID006TLNGD3,0.0
20161202,ID006TLNH32,0.0
20161202,ID006TLNJ83,0.0
20161202,ID006TLNKX2,0.0
20161202,ID006TLNL42,0.0
20161202,ID006TLNM86,0.0
20161202,ID006TLNMH6,0.0
20161202,ID006TLNN75,0.0
20161202,ID006TLNNG5,0.0
20161202,ID006TLNPD3,0.0
20161202,ID006TLNPM3,0.0
20161202,ID006TLNPV3,0.0
20161202,ID006TLNSH3,0.0
20161202,ID006TLNVJ4,0.0
20161202,ID006TLNVV0,0.0
20161202,ID006TLNW93,0.0
20161202,ID006TLNWJ2,0.0
20161202,ID006TLNWZ4,0.0
20161202,ID006TLP0K8,0.0
20161202,ID006TLP5L6,0.0
20161202,ID006TLP5T8,0.0
20161202,ID006TLP616,0.0
20161202,ID006TLP6D3,0.0
20161202,ID006TLP796,0.0
20161202,ID006TLP7P8,0.0
20161202,ID006TLP821,0.0
20161202,ID006TLP965,0.0
20161202,ID006TLPBM2,0.0
20161202,ID006TLPL95,0.0
20161202,ID006TLPM20,0.0
20161202,ID006TLPMZ4,0.0
20161202,ID006TLPP96,0.0
20161202,ID006TLPPS5,0.0
20161202,ID006TLPRP4,0.0
20161202,ID006TLPSG2,0.0
20161202,ID006TLPSQ1,0.0
20161202,ID006TLPT52,0.0
20161202,ID006TLPTM3,0.0
20161202,ID006TLPV20,9054.976
20161202,ID006TLPW00,0.0
20161202,ID006TLPWG3,0.0
20161202,ID006TLPZ94,0.0
20161202,ID006TLPZR4,0.0
20161202,ID006TLQ009,0.0
20161202,ID006TLQ072,0.0
20161202,ID006TLQ0G2,0.0
20161202,ID006TLQ474,0.0
20161202,ID006TLQ4G4,0.0
20161202,ID006TLQ5Q0,0.0
20161202,ID006TLQ5Y1,0.0
20161202,ID006TLQ660,0.0
20161202,ID006TLQ6Q8,0.0
20161202,ID006TLQ7Q6,0.0
20161202,ID006TLQ8M8,0.0
20161202,ID006TLQ928,0.0
20161202,ID006TLQ9R1,0.0
20161202,ID006TLQ9Z2,0.0
20161202,ID006TLQGS4,0.0
20161202,ID006TLQH02,0.0
20161202,ID006TLQHG5,0.0
20161202,ID006TLQHP5,0.0
20161202,ID006TLQJD4,0.0
20161202,ID006TLQKD1,0.0
20161202,ID006TLQKW0,0.0
20161202,ID006TLQLK1,0.0
20161202,ID006TLQLS3,0.0
20161202,ID006TLQMZ3,0.0
20161202,ID006TLQNW4,0.0
20161202,ID006TLQPS4,0.0
20161202,ID006TLR1G9,0.0
20161202,ID006TLR3V8,0.0
20161202,ID006TLR4S0,0.0
20161202,ID006TLR5Y0,0.0
20161202,ID006TLRB95,0.0
20161202,ID006TLRBZ6,0.0
20161202,ID006TLRMM6,0.0
20161202,ID006TLRN99,0.0
20161202,ID006TLRP12,0.0
20161202,ID006TLRPR4,0.0
20161202,ID006TLRPZ5,0.0
20161202,ID006TLRQY4,0.0
20161202,ID006TLRRF3,0.0
20161202,ID006TLRSL4,0.0
20161202,ID006TLRWB6,0.0
20161202,ID006TLRXN1,0.0
20161202,ID006TLRY22,0.0
20161202,ID006TLRYJ4,0.0
20161202,ID006TLRZF5,0.0
20161202,ID006TLS0T6,0.0
20161202,ID006TLS748,0.0
20161202,ID006TLS882,0.0
20161202,ID006TLS8J0,0.0
20161202,ID006TLS971,0.0
20161202,ID006TLS9P1,0.0
20161202,ID006TLSC10,0.0
20161202,ID006TLSCS1,0.0
20161202,ID006TLSL65,0.0
20161202,ID006TLSLV7,0.0
20161202,ID006TLSM90,0.0
20161202,ID006TLSNF1,0.0
20161202,ID006TLSPV8,0.0
20161202,ID006TLSSM2,0.0
20161202,ID006TLSSW1,0.0
20161202,ID006TLSVH1,0.0
20161202,ID006TLSX05,0.0
20161202,ID006TLSX96,0.0
20161202,ID006TLSXK3,0.0
20161202,ID006TLSYP6,0.0
20161202,ID006TLT088,0.0
20161202,ID006TLT168,0.0
20161202,ID006TLT1G7,0.0
20161202,ID006TLT1Y7,0.0
20161202,ID006TLT257,0.0
20161202,ID006TLTFF7,0.0
20161202,ID006TLTG92,0.0
20161202,ID006TLTGT0,0.0
20161202,ID006TLTH81,0.0
20161202,ID006TLTHH1,0.0
20161202,ID006TLTK39,0.0
20161202,ID006TLTL19,0.0
20161202,ID006TLTL82,0.0
20161202,ID006TLTLH2,0.0
20161202,ID006TLTLY3,0.0
20161202,ID006TLV2V5,0.0
20161202,ID006TLV6T9,0.0
20161202,ID006TLVMV1,0.0
20161202,ID006TLVNC0,0.0
20161202,ID006TLVNT2,0.0
20161202,ID006TLVQW1,0.0
20161202,ID006TLVR31,0.0
20161202,ID006TLVVV1,0.0
20161202,ID006TLVY36,0.0
20161202,ID006TLVZR7,0.0
20161202,ID006TLW0N7,0.0
20161202,ID006TLW379,0.0
20161202,ID006TLW3G9,0.0
20161202,ID006TLW3P9,0.0
20161202,ID006TLW5K9,0.0
20161202,ID006TLW5S1,0.0
20161202,ID006TLW672,0.0
20161202,ID006TLW8Z7,0.0
20161202,ID006TLW9N8,0.0
20161202,ID006TLWB35,0.0
20161202,ID006TLWC06,0.0
20161202,ID006TLWCG9,0.0
20161202,ID006TLWF18,0.0
20161202,ID006TLWF81,0.0
20161202,ID006TLWHL2,0.0
20161202,ID006TLWJ10,0.0
20161202,ID006TLWJH3,0.0
20161202,ID006TLWJQ3,0.0
20161202,ID006TLWLK4,0.0
20161202,ID006TLWNV8,0.0
20161202,ID006TLWQB3,0.0
20161202,ID006TLWYB6,0.0
20161202,ID006TLWYS8,354.02603
20161202,ID006TLWZY8,0.0
20161202,ID006TLX056,0.0
20161202,ID006TLX0N6,0.0
20161202,ID006TLX0W6,0.0
20161202,ID006TLX207,0.0
20161202,ID006TLX270,0.0
20161202,ID006TLX2P0,0.0
20161202,ID006TLX2X1,0.0
20161202,ID006TLX3L2,0.0
20161202,ID006TLX494,0.0
20161202,ID006TLX4R4,0.0
20161202,ID006TLX5F4,0.0
20161202,ID006TLX5N5,0.0
20161202,ID006TLX5W5,0.0
20161202,ID006TLX6C5,0.0
20161202,ID006TLX6V4,0.0
20161202,ID006TLX7J6,0.0
20161202,ID006TLX8Y7,0.0
20161202,ID006TLX957,0.0
20161202,ID006TLXB25,0.0
20161202,ID006TLXB98,0.0
20161202,ID006TLXBR8,0.0
20161202,ID006TLXCG8,0.0
20161202,ID006TLXD49,0.0
20161202,ID006TLXDW8,0.0
20161202,ID006TLXFC5,0.0
20161202,ID006TLXGT5,0.0
20161202,ID006TLXH13,0.0
20161202,ID006TLXH86,0.0
20161202,ID006TLXJ19,0.0
20161202,ID006TLXRV8,0.0
20161202,ID006TPN4L2,0.0
20161202,ID006VSFPF2,0.0
20161202,ID006VTGCX8,0.0
20161202,ID006VTKMQ9,286534.6
20161202,ID006VTLB55,0.0
20161202,ID006VTLC17,0.0
20161202,ID006VTLXZ4,2069823.6
20161202,ID006VTLZ07,9764.87
20161202,ID006VTM012,0.0
20161202,ID006VTM0H5,718241.94
20161202,ID006W2ZC65,1190.1487
20161202,ID006W3Z489,0.0
20161202,ID006W3Z4J7,0.0
20161202,ID006WQQNX8,153813.42
20161202,ID006WTP606,0.0
20161202,ID006WVGXQ4,81253.48
20161202,ID006WVHQW1,429781.1
20161202,ID006WVJ1N4,137282.45
20161202,ID006WVJDM9,0.0
20161202,ID006WX4H97,45898.707
20161202,ID006WX6GN1,114118.78
20161202,ID006X0TY58,130228.125
20161202,ID006X0TYS3,1400529.2
20161202,ID006X1DWG5,39449.02
20161202,ID006XJ6FM4,5543.205
20161202,ID006XK4Y51,0.0
20161202,ID006XR37H3,0.0
20161202,ID006XSFQ95,694.1739
20161202,ID006XZ6G37,0.0
20161202,ID006YFN919,0.0
20161202,ID006YFPM81,0.0
20161202,ID006YFQVM4,0.0
20161202,ID006YFRPF4,0.0
20161202,ID006YFYN70,0.0
20161202,ID006YG0716,0.0
20161202,ID006YG2GS5,0.0
20161202,ID006YG3TV2,0.0
20161202,ID006YRH8C0,0.0
20161202,ID006YWM398,5534.803
20161202,ID006Z58G48,0.0
20161202,ID006Z58GN7,0.0
20161202,ID0070Q7GF7,0.0
20161202,ID0070Q7KP7,28096.0
20161202,ID0070Q9KC9,133696.55
20161202,ID007171S77,0.0
20161202,ID0071DYZ63,0.0
20161202,ID0071DYZF3,0.0
20161202,ID0071DYZV5,0.0
20161202,ID0071DZ023,0.0
20161202,ID0071DZ0B3,0.0
20161202,ID0071DZ0K3,0.0
20161202,ID0071DZ1S3,164542.28
20161202,ID0071DZ201,112780.555
20161202,ID0071DZ274,0.0
20161202,ID0071DZ2G4,0.0
20161202,ID0071DZ345,0.0
20161202,ID0071DZ3C6,0.0
20161202,ID0071DZ3T8,0.0
20161202,ID0071DZ416,16.305157
20161202,ID0071DZ461,648838.25
20161202,ID0071DZ4C4,0.0
20161202,ID0071DZ4J7,15354.0
20161202,ID0071DZ4P0,19828.008
20161202,ID0071DZ4V3,20701.799
20161202,ID0071DZ522,0.0
20161202,ID0071DZ595,0.0
20161202,ID0071DZ5G7,0.0
20161202,ID0071DZ5M0,0.0
20161202,ID0071DZ5T3,219.21513
20161202,ID0071DZ5Z6,1809.3135
20161202,ID0071DZ648,0.0
20161202,ID0071DZ693,7599.907
20161202,ID0071DZ6J2,0.0
20161202,ID0071DZ6R3,3932.1685
20161202,ID0071DZ6X6,18178.096
20161202,ID0071DZ728,76190.57
20161202,ID0071DZ773,117827.99
20161202,ID0071DZ7D6,44709.23
20161202,ID0071DZ7K8,0.0
20161202,ID0071DZ7Q2,0.0
20161202,ID0071DZ7W5,25995.38
20161202,ID0071DZ817,415921.25
20161202,ID0071DZ862,140714.58
20161202,ID0071DZ8C5,691996.7
20161202,ID0071FG0K9,617985.06
20161202,ID0071FGKP0,0.0
20161202,ID0071FJDL7,0.0
20161202,ID0071KRZK9,6245.2383
20161202,ID0071KSMH1,0.0
20161202,ID0071M6720,0.0
20161202,ID0071N1Y97,1346540.0
20161202,ID0071N7843,0.0
20161202,ID0071N79C2,0.0
20161202,ID0071N8W21,43716.688
20161202,ID007279HS9,7389.2686
20161202,ID0072BNTM4,5599.7812
20161202,ID0072BYYX9,12768.198
20161202,ID0072CJFV7,0.0
20161202,ID0072G6PT3,0.0
20161202,ID0072G6QC9,0.0
20161202,ID00732FZ39,0.0
20161202,ID00732GF96,0.0
20161202,ID00732K0D9,342942.97
20161202,ID00736SD08,244682.81
20161202,ID00737Y800,0.0
20161202,ID00737YF31,14171.925
20161202,ID00737YLK9,12596.022
20161202,ID00737YNX1,0.0
20161202,ID00737ZM17,10955.971
20161202,ID00739K277,1872766.6
20161202,ID0073CFLW6,37.175602
20161202,ID0073DKYZ7,18167.979
20161202,ID0073DPHW2,122572.5
20161202,ID0073DYV15,135950.94
20161202,ID0073DZYG2,195509.92
20161202,ID0073XLZW2,795109.75
20161202,ID0073XZP22,136347.97
20161202,ID0073Y09R7,88954.79
20161202,ID0073Y0J77,24302.871
20161202,ID00740SHH3,13082.945
20161202,ID00740SMM6,11973.194
20161202,ID00747YTK1,0.0
20161202,ID00747YX04,4083.616
20161202,ID00747YY48,10502.022
20161202,ID00747YY93,0.0
20161202,ID00747YYG5,6222.4243
20161202,ID00747YYR3,0.0
20161202,ID00747YZ18,0.0
20161202,ID00747YZS9,11002.026
20161202,ID00747YZY2,177.3882
20161202,ID00747Z041,0.0
20161202,ID00747Z0H7,48568.027
20161202,ID00747Z0M1,1212.4535
20161202,ID00747Z0V1,0.0
20161202,ID00747Z103,0.0
20161202,ID00747Z149,48628.637
20161202,ID00747Z194,62337.723
20161202,ID00747Z1F7,12296.652
20161202,ID00747Z1Z5,6238.7827
20161202,ID00747Z2G4,0.0
20161202,ID00747Z2L8,18953.8
20161202,ID00747ZR97,0.0
20161202,ID00747ZXW8,0.0
20161202,ID0074806Z0,2123.7048
20161202,ID0074810H2,0.0
20161202,ID007481322,0.0
20161202,ID0074822G8,0.0
20161202,ID0074829R1,0.0
20161202,ID007482CQ5,0.0
20161202,ID00749CBM8,775931.7
20161202,ID00749FXL8,9067.991
20161202,ID00749GDY7,585146.0
20161202,ID00749KL83,59385.523
20161202,ID00749NL08,21934.578
20161202,ID00749NN77,544.3928
20161202,ID00749TF50,0.0
20161202,ID0074FKYW4,114162.52
20161202,ID0074FPP85,193933.3
20161202,ID0074FTVJ6,0.0
20161202,ID0074FTZ25,0.0
20161202,ID0074FVBX1,0.0
20161202,ID0074FVNF5,0.0
20161202,ID0074FVPX0,0.0
20161202,ID0074FVR48,0.0
20161202,ID0074H79L2,2023365.1
20161202,ID0074J6GY9,9156.998
20161202,ID0074J6ZZ6,0.0
20161202,ID0074JB1S3,6781.5073
20161202,ID0074NP1S9,0.0
20161202,ID0074S4SY5,0.0
20161202,ID007625MQ1,47.753002
20161202,ID0076D9B87,0.0
20161202,ID0076D9D01,0.0
20161202,ID0076LSJK7,1301.025
20161202,ID0076S72K2,0.0
20161202,ID0076S7NN3,0.0
20161202,ID0076SF3Z5,31558.082
20161202,ID0076VW897,0.0
20161202,ID0076WYY69,60647.086
20161202,ID0077H9G77,1535408.0
20161202,ID0077NCV86,0.0
20161202,ID0077NPFK3,0.0
20161202,ID0077NPNR9,145124.67
20161202,ID0077NPPV9,1138245.8
20161202,ID0077NPWM4,686407.1
20161202,ID0077NQ374,101.19
20161202,ID0077NQ4Q1,125044.08
20161202,ID0077QRHG5,0.0
20161202,ID0077QRHH4,0.0
20161202,ID0077QRHJ2,36380.895
20161202,ID0077QRHK0,0.0
20161202,ID0077QRHL9,190449.95
20161202,ID0077QRHM8,11526.467
20161202,ID0077QRHQ4,13340.884
20161202,ID0077QRHS2,317.89398
20161202,ID0077QRHT1,6319.023
20161202,ID0077QRHV8,0.0
20161202,ID0077QRHW7,1623860.9
20161202,ID0077QRHX6,352339.12
20161202,ID0077QSQ74,29374.277
20161202,ID0077QSQ83,5950.3247
20161202,ID0077QSQ92,7386.879
20161202,ID0077QSQB9,0.0
20161202,ID0077QSQC8,170708.36
20161202,ID0077QSQD7,139086.98
20161202,ID0077QSQF5,0.0
20161202,ID0077S54P4,0.0
20161202,ID0077S6MQ2,0.0
20161202,ID0077S6RF3,0.0
20161202,ID0077S9LY2,0.0
20161202,ID0077SCQG7,0.0
20161202,ID0077VSMR0,0.0
20161202,ID0077VX8J4,0.0
20161202,ID0077VXVM9,0.0
20161202,ID0077VY689,0.0
20161202,ID0077VYFH9,0.0
20161202,ID0077VYM39,0.0
20161202,ID00780KG07,26274.406
20161202,ID00780PT59,0.0
20161202,ID00781CMV7,0.0
20161202,ID00781CYX9,0.0
20161202,ID00781DMK8,0.0
20161202,ID00781DQL8,0.0
20161202,ID00781DTL2,0.0
20161202,ID0078NN8X6,0.0
20161202,ID0078NPHG3,0.0
20161202,ID0078NPJY9,0.0
20161202,ID0078NPKM9,0.0
20161202,ID0078NPLF5,0.0
20161202,ID0078NPM36,0.0
20161202,ID0078NQ9J7,121069.18
20161202,ID0078NQWQ8,12992.724
20161202,ID0078NSF10,52269.902
20161202,ID0078NT8G9,14194.899
20161202,ID0078NTR68,500659.44
20161202,ID0078NVDY5,84628.15
20161202,ID0078NVGP8,0.0
20161202,ID0078NVYQ8,1983.1154
20161202,ID0078S4QJ2,0.0
20161202,ID0078S6PF6,22948.35
20161202,ID0078VY5Z0,0.0
20161202,ID0078VY7V0,0.0
20161202,ID0078XTN56,23940.0
20161202,ID0078YTS26,208677.23
20161202,ID00790R9Q7,5564.427
20161202,ID007936GV2,166199740.0
20161202,ID00793G279,108434340.0
20161202,ID0079L8N09,0.0
20161202,ID0079PNC25,488330.38
20161202,ID0079S5T86,0.0
20161202,ID007B01YV1,0.0
20161202,ID007BBTM43,4333.0684
20161202,ID007BBTMQ9,98170.67
20161202,ID007BBTN05,555.6265
20161202,ID007BBVBF2,0.0
20161202,ID007BLDPJ5,14299.126
20161202,ID007BNBQY4,7818.6016
20161202,ID007BNC640,0.0
20161202,ID007BT67N1,21111.557
20161202,ID007DJ6RN7,0.0
20161202,ID007DJM2M5,0.0
20161202,ID007DLBVP5,92670.945
20161202,ID007DM9788,82477.5
20161202,ID007F4D585,4387353.0
20161202,ID007F4FP07,12451.933
20161202,ID007F4JJ98,36361.348
20161202,ID007F4JK31,122744.234
20161202,ID007F4JL57,1921.6543
20161202,ID007F86RT3,23795.625
20161202,ID007F87R94,0.0
20161202,ID007F87XL7,17983.604
20161202,ID007F87YJ8,0.0
20161202,ID007F87YQ0,0.0
20161202,ID007F9TWR7,855415.25
20161202,ID007FCPZ60,30545.775
20161202,ID007FCQTN4,573350.1
20161202,ID007FJLZ87,8224.626
20161202,ID007FJLZL2,0.0
20161202,ID007FJM0T0,0.0
20161202,ID007FJM118,0.0
20161202,ID007FJM1K7,0.0
20161202,ID007FJM1S9,0.0
20161202,ID007FJM207,0.0
20161202,ID007FJM270,0.0
20161202,ID007FJM2G0,0.0
20161202,ID007FJM2Q9,0.0
20161202,ID007FJM2Z9,0.0
20161202,ID007FJM369,0.0
20161202,ID007FJM3F9,0.0
20161202,ID007FJM3N0,0.0
20161202,ID007FJM3W0,0.0
20161202,ID007FJM430,0.0
20161202,ID007FJM4B1,0.0
20161202,ID007FJM4K1,0.0
20161202,ID007FJM4S3,0.0
20161202,ID007FJM519,0.0
20161202,ID007FJM582,0.0
20161202,ID007FJM5H2,0.0
20161202,ID007FJM5Q2,0.0
20161202,ID007FJM5Z2,0.0
20161202,ID007FJM671,0.0
20161202,ID007FJM6G1,0.0
20161202,ID007FJM6P1,0.0
20161202,ID007FJM7C3,0.0
20161202,ID007FJMXB7,0.0
20161202,ID007FJMXK7,0.0
20161202,ID007FJMY52,0.0
20161202,ID007FJMYG0,0.0
20161202,ID007FJMYQ9,0.0
20161202,ID007FJMZ86,0.0
20161202,ID007FJMZR5,0.0
20161202,ID007FJN000,0.0
20161202,ID007FJN082,0.0
20161202,ID007FJN0H2,0.0
20161202,ID007FJN0Q2,0.0
20161202,ID007FJN171,0.0
20161202,ID007FJN1G1,0.0
20161202,ID007FJN1P1,0.0
20161202,ID007FJN1X2,0.0
20161202,ID007FJN242,0.0
20161202,ID007FJN2C3,0.0
20161202,ID007FJN2L3,338.66663
20161202,ID007FJN2T5,0.0
20161202,ID007FJN331,0.0
20161202,ID007FJN3B2,0.0
20161202,ID007FJN3K2,0.0
20161202,ID007FJN3S4,0.0
20161202,ID007FJN402,0.0
20161202,ID007FJN475,0.0
20161202,ID007FJN4G5,0.0
20161202,ID007FJN4R3,0.0
20161202,ID007FJN4Z4,0.0
20161202,ID007FJN563,0.0
20161202,ID007FJN5F3,0.0
20161202,ID007FJN5P2,0.0
20161202,ID007FJN5X3,0.0
20161202,ID007FJN6F1,0.0
20161202,ID007FJN6N2,0.0
20161202,ID007FJN6X1,0.0
20161202,ID007FJN741,0.0
20161202,ID007FJN7C2,0.0
20161202,ID007FJN7L2,0.0
20161202,ID007FJN7T4,0.0
20161202,ID007FJN812,0.0
20161202,ID007FJN885,0.0
20161202,ID007FJN8H5,0.0
20161202,ID007FJN8R4,0.0
20161202,ID007FJN901,0.0
20161202,ID007FJN983,0.0
20161202,ID007FJN9H3,0.0
20161202,ID007FJNCS4,0.0
20161202,ID007FJND20,0.0
20161202,ID007FJNDB0,0.0
20161202,ID007FJNDK0,0.0
20161202,ID007FJNDS2,0.0
20161202,ID007FJNF25,0.0
20161202,ID007FJNFB5,0.0
20161202,ID007FJNFK5,0.0
20161202,ID007FJNFT6,0.0
20161202,ID007FJNG14,0.0
20161202,ID007FJNG87,0.0
20161202,ID007FJNGV1,0.0
20161202,ID007FJNHX7,0.0
20161202,ID007FJNJ45,0.0
20161202,ID007FJNJC6,0.0
20161202,ID007FJNJL6,0.0
20161202,ID007FJNK15,0.0
20161202,ID007FJNK88,0.0
20161202,ID007FJNKH8,0.0
20161202,ID007FJNKQ8,0.0
20161202,ID007FJNKY9,0.0
20161202,ID007FJNL59,0.0
20161202,ID007FJNLF8,0.0
20161202,ID007FJNLN9,0.0
20161202,ID007FJNLW9,0.0
20161202,ID007FJNM39,0.0
20161202,ID007FJNMB0,0.0
20161202,ID007FJNML9,0.0
20161202,ID007FJNMT1,0.0
20161202,ID007FJNN82,0.0
20161202,ID007FJNNK8,0.0
20161202,ID007FJNNS0,0.0
20161202,ID007FJNP05,0.0
20161202,ID007FJNP78,0.0
20161202,ID007FJNPH7,0.0
20161202,ID007FJNPR6,0.0
20161202,ID007FJNQ67,0.0
20161202,ID007FJNQF7,0.0
20161202,ID007FJNQN8,0.0
20161202,ID007FJNQY6,0.0
20161202,ID007FJNR56,0.0
20161202,ID007FJNRD7,0.0
20161202,ID007FJNRM7,4672.9673
20161202,ID007FJNRV7,0.0
20161202,ID007FJNS63,0.0
20161202,ID007FJNSF3,0.0
20161202,ID007FJNSN4,0.0
20161202,ID007FJNSW4,0.0
20161202,ID007FJNT34,0.0
20161202,ID007FJNTB5,0.0
20161202,ID007FJNTK5,0.0
20161202,ID007FJNTS7,0.0
20161202,ID007FJNV02,0.0
20161202,ID007FJNV75,0.0
20161202,ID007FJNVG5,0.0
20161202,ID007FJNVP5,0.0
20161202,ID007FJNVX6,0.0
20161202,ID007FJNW46,0.0
20161202,ID007FJNWC7,0.0
20161202,ID007FJNWL7,0.0
20161202,ID007FJNWT9,0.0
20161202,ID007FJNX17,0.0
20161202,ID007FJNXH0,0.0
20161202,ID007FJNXR9,0.0
20161202,ID007FJNY06,0.0
20161202,ID007FJNY79,0.0
20161202,ID007FJNYG9,0.0
20161202,ID007FJNYP9,0.0
20161202,ID007FJNYZ8,0.0
20161202,ID007FJNZF7,0.0
20161202,ID007FJNZN8,0.0
20161202,ID007FJNZW8,0.0
20161202,ID007FJP035,0.0
20161202,ID007FJP0L5,0.0
20161202,ID007FJP0T7,0.0
20161202,ID007FJP1C3,0.0
20161202,ID007FJP1L3,0.0
20161202,ID007FJP213,0.0
20161202,ID007FJP295,0.0
20161202,ID007FJP2J4,0.0
20161202,ID007FJP2S4,0.0
20161202,ID007FJP302,0.0
20161202,ID007FJP3H4,0.0
20161202,ID007FJP3Q4,0.0
20161202,ID007FJP3Y5,0.0
20161202,ID007FJP4M6,0.0
20161202,ID007FJP4V6,0.0
20161202,ID007FJP525,0.0
20161202,ID007FJP5B5,0.0
20161202,ID007FJP5K5,64151.1
20161202,ID007FJP5S7,0.0
20161202,ID007FJP605,0.0
20161202,ID007FJP678,0.0
20161202,ID007FJP6P8,0.0
20161202,ID007FJP6X9,0.0
20161202,ID007FJP749,0.0
20161202,ID007FJP7D9,0.0
20161202,ID007FJP7M9,0.0
20161202,ID007FJP7W8,0.0
20161202,ID007FJPRW4,0.0
20161202,ID007FL7TW5,0.0
20161202,ID007FL7VV1,0.0
20161202,ID007FL7X10,0.0
20161202,ID007FL7XR2,0.0
20161202,ID007FL9WD7,6007.6797
20161202,ID007G2QC07,1091884.8
20161202,ID007G2QK45,347385.62
20161202,ID007G2TMR3,0.0
20161202,ID007G2V917,0.0
20161202,ID007G2W435,23815.412
20161202,ID007GCDZ80,0.0
20161202,ID007GF2GX9,0.0
20161202,ID007GF4C11,0.0
20161202,ID007GFXGZ3,2067975.8
20161202,ID007HJ2S28,437932.12
20161202,ID007HS7ZL6,12658.323
20161202,ID007HSBWT0,1002.2131
20161202,ID007HW8RW2,0.0
20161202,ID007HW8VW3,0.0
20161202,ID007HW8ZD5,2700.3958
20161202,ID007HW90N0,0.0
20161202,ID007HWM527,56832.35
20161202,ID007HWR0G8,0.0
20161202,ID007HWZ809,0.0
20161202,ID007J1W6S2,1400.4067
20161202,ID007J1WBQ3,0.0
20161202,ID007J1XVZ8,0.0
20161202,ID007J1YPP1,87648.66
20161202,ID007J24RN0,0.0
20161202,ID007J24ZS7,0.0
20161202,ID007J259H6,0.0
20161202,ID007J25LJ7,0.0
20161202,ID007J2K6L0,21555.365
20161202,ID007J2L7R1,0.0
20161202,ID007J2LB01,0.0
20161202,ID007J2LC36,0.0
20161202,ID007J2LPR1,0.0
20161202,ID007J2LQ80,1556.541
20161202,ID007J2LQT7,0.0
20161202,ID007J2LR97,0.0
20161202,ID007J5Y371,0.0
20161202,ID007J7SVK7,0.0
20161202,ID007JPG224,214331.67
20161202,ID007K466S3,150804.92
20161202,ID007K809L1,1767.1561
20161202,ID007K88R15,0.0
20161202,ID007K8BBY0,0.0
20161202,ID007K8CTK5,0.0
20161202,ID007KC9NR6,1217.2261
20161202,ID007KD9M69,0.0
20161202,ID007KJDV61,0.0
20161202,ID007KMNHP3,44274.48
20161202,ID007KMNL10,0.0
20161202,ID007KMNM54,0.0
20161202,ID007LN1N99,29286.904
20161202,ID007LN1WF2,10844.121
20161202,ID007LNWMX0,16202.946
20161202,ID007LSV7K7,24492.652
20161202,ID007LSVJ76,510815.28
20161202,ID007LSWPJ8,17484.51
20161202,ID007LW6KJ9,0.0
20161202,ID007LWPD04,0.0
20161202,ID007LWQ0R2,19796.1
20161202,ID007LWQ7L3,0.0
20161202,ID007LWR5L6,655.35657
20161202,ID007MLJ8R6,158.40077
20161202,ID007MM4KK0,27578.2
20161202,ID007MMB1C3,7163.8
20161202,ID007N4CJX9,0.0
20161202,ID007N4NB46,0.0
20161202,ID007N4R0S0,144518.2
20161202,ID007N70BD4,0.0
20161202,ID007NDF7H0,15286823.0
20161202,ID007NF56C3,0.0
20161202,ID007NLBF88,19823.58
20161202,ID007NMCYZ4,0.0
20161202,ID007NMDF02,0.0
20161202,ID007NMDWL2,0.0
20161202,ID007NMFBW4,0.0
20161202,ID007NMFYQ1,0.0
20161202,ID007NMGWK0,0.0
20161202,ID007NMH699,0.0
20161202,ID007NMJFX0,0.0
20161202,ID007NTPDF3,5439.4395
20161202,ID007P8G7V2,51068.992
20161202,ID007P8JWR9,6563.4854
20161202,ID007P8K3T9,0.0
20161202,ID007P8KDV4,10991.062
20161202,ID007PDKMS7,0.0
20161202,ID007PDXSS0,38082.035
20161202,ID007PDY0Q2,0.0
20161202,ID007PG4BR3,0.0
20161202,ID007PG4JV1,0.0
20161202,ID007PG8495,11545.954
20161202,ID007PG8654,0.0
20161202,ID007PG86J9,0.0
20161202,ID007PG8BC5,62401.477
20161202,ID007PG8CD2,0.0
20161202,ID007PG9WR2,30355.926
20161202,ID007PGB053,0.0
20161202,ID007PGB2H6,0.0
20161202,ID007PGB4M6,0.0
20161202,ID007PGB534,0.0
20161202,ID007PGB5M3,0.0
20161202,ID007PGB6Y8,0.0
20161202,ID007PGBF23,0.0
20161202,ID007PMM5J2,0.0
20161202,ID007PMM6L7,0.0
20161202,ID007PMMG26,0.0
20161202,ID007PMMGR9,0.0
20161202,ID007PMMJC9,0.0
20161202,ID007PMMJL9,522.7366
20161202,ID007PMMK45,3107.1785
20161202,ID007PMMZS6,0.0
20161202,ID007PMN0H4,0.0
20161202,ID007PMN0S2,0.0
20161202,ID007PMN146,0.0
20161202,ID007PMP9X5,8693.268
20161202,ID007PMPG23,3306.5288
20161202,ID007PMPK79,0.0
20161202,ID007PMPQ49,33134.613
20161202,ID007PMPWC7,24846.168
20161202,ID007PMQ722,1262848.2
20161202,ID007PMQQR3,1415054.6
20161202,ID007PN22Q1,125783.52
20161202,ID007PNQCM7,3408.849
20161202,ID007PSVBN1,1782482.0
20161202,ID007PZVCD4,0.0
20161202,ID007PZYD85,0.0
20161202,ID007PZZ858,0.0
20161202,ID007Q00B82,0.0
20161202,ID007Q02869,0.0
20161202,ID007QJ5TH7,0.0
20161202,ID007QQ0NB5,0.0
20161202,ID007QQ3JM9,69192.07
20161202,ID007QT8218,765485.44
20161202,ID007QT91Y3,825686.4
20161202,ID007QTDD18,5514.9087
20161202,ID007QX0XN5,12189301.0
20161202,ID007QYRMK1,0.0
20161202,ID007R1SFJ8,0.0
20161202,ID007R1SKK5,88.03687
20161202,ID007R1T9Z3,21.745462
20161202,ID007R1YPM5,0.82005
20161202,ID007R5JLY9,122953.67
20161202,ID007R6SRK9,12478.303
20161202,ID007R6T4W6,0.0
20161202,ID007R79CJ3,112.14
20161202,ID007R9P383,33258.293
20161202,ID007RB7SR2,248834.97
20161202,ID007RBCB57,0.0
20161202,ID007T970V1,0.0
20161202,ID007T97425,0.0
20161202,ID007T997Z0,1485.4839
20161202,ID007THTHP9,0.0
20161202,ID007THTK18,2980.31
20161202,ID007TJ1VY4,0.0
20161202,ID007TJ7Y09,49411.734
20161202,ID007V96DW0,0.0
20161202,ID007V96L61,0.0
20161202,ID007VC5KW8,0.0
20161202,ID007VC5PJ2,0.0
20161202,ID007VCTXM5,0.0
20161202,ID007W2V7K2,2577.9316
20161202,ID007W2VN45,2000.675
20161202,ID007WDDSW9,1907.9999
20161202,ID007WL0FK6,100132.41
20161202,ID007WL2786,1240020.1
20161202,ID007WTFS61,0.0
20161202,ID007WXPFX9,101544.195
20161202,ID007WZ14P4,0.0
20161202,ID007X0W5W5,0.0
20161202,ID007X15X34,3971.84
20161202,ID007X17DX3,0.0
20161202,ID007X17WZ9,2859.5112
20161202,ID007X184S8,44690.176
20161202,ID007X18925,2688.2563
20161202,ID007X18FZ5,0.0
20161202,ID007X18KG5,0.0
20161202,ID007X82JY9,1185415.4
20161202,ID007X9NY26,83292.18
20161202,ID007XBDG49,1157.8555
20161202,ID007XCH5Y4,0.0
20161202,ID007XG1W82,626987.94
20161202,ID007XG7KR1,0.0
20161202,ID007XG8C25,113190.086
20161202,ID007XGJY98,4194.339
20161202,ID007XGKD10,5871.758
20161202,ID007XGKT60,0.0
20161202,ID007XGKZ93,0.0
20161202,ID007XGLBQ6,75.00322
20161202,ID007XGXZY1,11676.648
20161202,ID007XKQTJ1,0.0
20161202,ID007XLXW86,823.8529
20161202,ID007YX43F7,1315830.8
20161202,ID007YY9J83,328.727
20161202,ID007Z641R6,235744.73
20161202,ID007ZB2P94,0.0
20161202,ID007ZC7WF5,0.0
20161202,ID007ZC8SC6,225199.05
20161202,ID00801HCJ4,12489.005
20161202,ID00801PLF9,4387.1963
20161202,ID00802XD84,29884.854
20161202,ID0080C59G3,8309.455
20161202,ID0080JRJV5,361256.84
20161202,ID0080JYTY2,6347.3765
20161202,ID0080K37P1,0.0
20161202,ID0080KC4S5,1968.6033
20161202,ID0080KJ630,307757.72
20161202,ID0080LMZ12,0.0
20161202,ID0080T4593,0.0
20161202,ID0080TXH04,2225.9092
20161202,ID0081HFG83,1097.8728
20161202,ID0081S2XN9,74978.336
20161202,ID0081S3559,11175.746
20161202,ID0081SSGV9,0.0
20161202,ID0081YPYP7,0.0
20161202,ID0081YQCG4,24985.504
20161202,ID00823W6K2,0.0
20161202,ID00823X024,10628.933
20161202,ID00824DWW1,28938.523
20161202,ID00826ZCX5,0.0
20161202,ID00826ZZK8,0.0
20161202,ID008284ZJ0,0.0
20161202,ID008287BK8,0.0
20161202,ID008287MM2,0.0
20161202,ID008287PP2,0.0
20161202,ID008287RX9,0.0
20161202,ID008287TS1,0.0
20161202,ID0082YWWY2,547330.3
20161202,ID0082Z9T54,22629.182
20161202,ID00834VZ53,26.091345
20161202,ID00835Q9H1,0.0
20161202,ID00835SD53,0.0
20161202,ID00835SLW5,0.0
20161202,ID00835SRS7,0.0
20161202,ID00835T1B1,0.0
20161202,ID00835T6P5,0.0
20161202,ID00835T7F4,0.0
20161202,ID00835T8K6,0.0
20161202,ID00835T979,0.0
20161202,ID00835TQH0,0.0
20161202,ID00835TR24,0.0
20161202,ID00835TS86,0.0
20161202,ID00835TZ53,0.0
20161202,ID00835V565,0.0
20161202,ID00835VJR2,0.0
20161202,ID00835VMK2,0.0
20161202,ID00835VY26,0.0
20161202,ID00835W1X3,0.0
20161202,ID00835W3S5,0.0
20161202,ID00835W886,0.0
20161202,ID00835WCR6,0.0
20161202,ID00835WDV9,0.0
20161202,ID00835WG24,0.0
20161202,ID00835WH22,0.0
20161202,ID00835XC13,1258.0577
20161202,ID0083806F1,0.0
20161202,ID0083855M0,0.0
20161202,ID008386G45,0.0
20161202,ID008387TF4,0.0
20161202,ID008389HJ4,0.0
20161202,ID008389NQ3,0.0
20161202,ID008389RM8,0.0
20161202,ID008389V67,0.0
20161202,ID00838V827,0.0
20161202,ID0083BWGR4,0.0
20161202,ID0083BWH29,0.0
20161202,ID0083BWH65,0.0
20161202,ID0083BWHC8,0.0
20161202,ID0083BWHJ1,0.0
20161202,ID0083BWHN6,0.0
20161202,ID0083BWHT0,0.0
20161202,ID0083BWHY4,0.0
20161202,ID0083BWJ25,0.0
20161202,ID0083BWJ89,0.0
20161202,ID0083BWJD3,0.0
20161202,ID0083BWJJ7,0.0
20161202,ID0083BWJP0,0.0
20161202,ID0083BWJT6,0.0
20161202,ID0083BWJY0,0.0
20161202,ID0083BWK22,0.0
20161202,ID0083BY3T9,0.0
20161202,ID0083CMKQ5,29702.42
20161202,ID0083CN7X5,226417.73
20161202,ID0083CNNV2,0.0
20161202,ID0083WYR83,8625.491
20161202,ID0083WYXG1,957.217
20161202,ID0083WZ697,10009.936
20161202,ID0083WZBF9,0.0
20161202,ID0083WZHM8,2276.9102
20161202,ID0083WZMN6,2357.8645
20161202,ID0083WZTB4,1651.4414
20161202,ID0083X03D5,0.0
20161202,ID0083X08B6,867265.9
20161202,ID0083X0FS2,56232.973
20161202,ID0083X0KF5,43935.625
20161202,ID0083X0L90,101078.61
20161202,ID0083XBFT9,16218.599
20161202,ID0083XDCT4,0.0
20161202,ID0083XGLM8,0.0
20161202,ID0083XH8L7,0.0
20161202,ID0083XHKR4,8826.165
20161202,ID008454B25,78454.305
20161202,ID00845HNP0,0.0
20161202,ID00845JFT1,0.0
20161202,ID00845JHV4,81937.25
20161202,ID00845JJY7,0.0
20161202,ID00845JLT8,0.0
20161202,ID00846V6D2,0.0
20161202,ID00846V7W9,0.0
20161202,ID00846V946,0.0
20161202,ID00848Q314,277463.1
20161202,ID00848Q3S5,2586.0334
20161202,ID00848VYV7,6019.394
20161202,ID0084GTR92,0.0
20161202,ID0084GTZJ3,0.0
20161202,ID0084GVDC6,0.0
20161202,ID0084GVJH8,0.0
20161202,ID0084GWCT9,0.0
20161202,ID0084GXMY0,32643.256
20161202,ID0084JDN47,104104.2
20161202,ID0084JGQB9,0.0
20161202,ID0084KZF10,1925.9453
20161202,ID0084KZJ67,0.0
20161202,ID0086H51X4,0.0
20161202,ID0086HBHP1,0.0
20161202,ID0086HCK00,0.0
20161202,ID0086HDNH5,0.0
20161202,ID0086HFHH6,0.0
20161202,ID0086HGHW8,0.0
20161202,ID0086JFNF1,761713.9
20161202,ID0086LK417,1099872.9
20161202,ID0086LKMF2,13940194.0
20161202,ID00873XXS9,0.0
20161202,ID008741SG6,0.0
20161202,ID0087437P0,0.0
20161202,ID00878C192,37595.88
20161202,ID00878C1D7,0.0
20161202,ID00878C1F5,291166.44
20161202,ID00878C1G4,247566.78
20161202,ID00878C1H3,50002.867
20161202,ID00878C1J1,0.0
20161202,ID00878C2Q1,0.0
20161202,ID0087C7WD6,67041.71
20161202,ID0087CD1C8,0.0
20161202,ID0087MPRC6,22370.64
20161202,ID00882Q750,18157.715
20161202,ID008832PF3,0.0
20161202,ID008836R29,57443.625
20161202,ID00886JQB0,0.0
20161202,ID00886K0X1,0.0
20161202,ID00886K579,0.0
20161202,ID00886K882,0.0
20161202,ID00886KBM9,0.0
20161202,ID00886KDH1,0.0
20161202,ID00886KGF6,0.0
20161202,ID00886KZX4,0.0
20161202,ID00886L202,0.0
20161202,ID00886L6Z5,0.0
20161202,ID00886LPK9,0.0
20161202,ID00886LTF7,0.0
20161202,ID00886LWL3,0.0
20161202,ID00886M0P8,0.0
20161202,ID00886M4L4,0.0
20161202,ID00886M675,0.0
20161202,ID00886M7B8,0.0
20161202,ID00886M924,0.0
20161202,ID00886MBQ3,0.0
20161202,ID00886MD98,0.0
20161202,ID00886MFF6,0.0
20161202,ID00886MHR9,0.0
20161202,ID00886MJ95,0.0
20161202,ID00886MLD5,0.0
20161202,ID00886MMC4,0.0
20161202,ID00886MN23,0.0
20161202,ID00886MQQ0,0.0
20161202,ID00886NLS8,17144.646
20161202,ID00886P146,0.0
20161202,ID00886P495,0.0
20161202,ID00886PBW3,0.0
20161202,ID008891XC7,38116.24
20161202,ID0088926Q0,0.0
20161202,ID008892FT7,0.0
20161202,ID008897LG3,16783.361
20161202,ID0088NCZL9,35.9584
20161202,ID008950C77,1102804.5
20161202,ID0089BZB23,16639.045
20161202,ID0089CNJ09,0.0
20161202,ID0089CP4R1,40015.9
20161202,ID0089HD992,134651.28
20161202,ID0089JLP20,0.0
20161202,ID0089PCGM4,0.0
20161202,ID0089PCH24,0.0
20161202,ID0089PM3Z8,34940.98
20161202,ID0089QLXF3,0.0
20161202,ID0089QTND9,0.0
20161202,ID0089RHXJ2,0.0
20161202,ID0089RKRY4,168.77
20161202,ID0089RKTN2,0.0
20161202,ID0089RLGH6,0.0
20161202,ID0089V00M9,0.0
20161202,ID008B83LW7,0.0
20161202,ID008B8D7W7,1466.049
20161202,ID008B8G1P5,0.0
20161202,ID008B8MGS2,0.0
20161202,ID008B8Q7Z0,0.0
20161202,ID008B8Q9F8,0.0
20161202,ID008B8SL69,188522.11
20161202,ID008CRG010,70833.11
20161202,ID008CTS8X1,0.0
20161202,ID008CTT7K6,0.0
20161202,ID008CTTBN4,0.0
20161202,ID008CTTX10,0.0
20161202,ID008CYGSH7,0.0
20161202,ID008CYT4H6,0.0
20161202,ID008CZ0G78,251517.75
20161202,ID008CZVXB2,0.0
20161202,ID008CZW568,0.0
20161202,ID008D1PTP7,2279124.0
20161202,ID008D1Z621,735127.25
20161202,ID008D84595,390533.9
20161202,ID008D860H5,0.0
20161202,ID008D8G6Y2,13236.036
20161202,ID008D8GFZ1,3636.5776
20161202,ID008D8GS10,115938.45
20161202,ID008DRQT97,110838.0
20161202,ID008DRQV74,65754.664
20161202,ID008DRQW54,102592.0
20161202,ID008DRQXS7,3694.1467
20161202,ID008DRR1B4,140689.38
20161202,ID008F1TRB0,112308.87
20161202,ID008F54RW5,23914.926
20161202,ID008F55PH5,16266.994
20161202,ID008F55YZ6,22518.463
20161202,ID008F560X1,130794.125
20161202,ID008F56613,11602.44
20161202,ID008F568L7,0.0
20161202,ID008F569F2,3367.831
20161202,ID008F56D54,0.0
20161202,ID008F8J7G5,0.0
20161202,ID008F8K6K0,0.0
20161202,ID008F8KNH7,0.0
20161202,ID008F8S9T7,0.0
20161202,ID008F8VB36,0.0
20161202,ID008F8VKM5,0.0
20161202,ID008F8VN94,0.0
20161202,ID008F8VRB2,0.0
20161202,ID008F8W976,0.0
20161202,ID008F8WFD5,0.0
20161202,ID008F93HQ7,0.0
20161202,ID008FC0240,2093518.2
20161202,ID008FKHXD6,460621.4
20161202,ID008FL2T67,0.0
20161202,ID008FL2V99,0.0
20161202,ID008FL2VV4,0.0
20161202,ID008FL2W51,0.0
20161202,ID008FL2WZ8,0.0
20161202,ID008FL2XW9,0.0
20161202,ID008FL2Y48,0.0
20161202,ID008FL2YH4,4502.75
20161202,ID008FL2Z72,0.0
20161202,ID008FL3032,0.0
20161202,ID008FL30F9,0.0
20161202,ID008FL30T4,8537.164
20161202,ID008FL31B1,9375.0
20161202,ID008FL31S3,0.0
20161202,ID008FL3247,0.0
20161202,ID008FL32R2,0.0
20161202,ID008FL3354,0.0
20161202,ID008G74Z89,15880068.0
20161202,ID008G7B9M3,16667.682
20161202,ID008GC0249,1039582.75
20161202,ID008GSRFS0,258645.52
20161202,ID008GZH909,8915.146
20161202,ID008H1TR37,25397.572
20161202,ID008H27C41,6446957.0
20161202,ID008H7SQ55,0.0
20161202,ID008H8RQF3,699106.06
20161202,ID008HB4W40,0.0
20161202,ID008HC1MZ9,0.0
20161202,ID008HDS157,15905.837
20161202,ID008HHQRN3,0.0
20161202,ID008HHSL72,13325.8125
20161202,ID008HHSRR7,0.0
20161202,ID008HHSS95,0.0
20161202,ID008HL97Z4,2559839.0
20161202,ID008HMNBX9,38720.6
20161202,ID008HMNLQ5,0.0
20161202,ID008HMZP38,0.0
20161202,ID008HMZTD9,12297.811
20161202,ID008HN0191,35290.316
20161202,ID008HN0S38,229.94998
20161202,ID008HN13B3,0.0
20161202,ID008KF3H23,376954.62
20161202,ID008KF3MQ6,0.0
20161202,ID008KF5D11,0.0
20161202,ID008KF7696,1175.9009
20161202,ID008KF78W6,24075.293
20161202,ID008KF7FK3,0.0
20161202,ID008KF9738,35506.42
20161202,ID008KLHFZ3,0.0
20161202,ID008KLHKX4,0.0
20161202,ID008KLRTL7,91120.07
20161202,ID008KLRTM6,48824.68
20161202,ID008KR83P8,31888.465
20161202,ID008KRX9X8,49675.516
20161202,ID008KVMZ18,0.0
20161202,ID008LDCB02,0.0
20161202,ID008LFM8Q5,0.0
20161202,ID008LFQ3W5,0.0
20161202,ID008LFRDF1,0.0
20161202,ID008LGX006,0.0
20161202,ID008LH5513,986111.9
20161202,ID008LNYWF4,783565.2
20161202,ID008LSZ570,0.0
20161202,ID008LT7PT1,0.0
20161202,ID008LXGBF8,102662.25
20161202,ID008LYMN81,0.0
20161202,ID008LYQJM0,0.0
20161202,ID008LYQL36,0.0
20161202,ID008LYR068,0.0
20161202,ID008ML56R3,57.561
20161202,ID008MPHYS9,33158.14
20161202,ID008MW14V3,24288.621
20161202,ID008MX2XZ2,0.0
20161202,ID008N0NX62,38875.2
20161202,ID008N0QBX7,0.0
20161202,ID008N0WKJ6,0.0
20161202,ID008N0YRM5,0.0
20161202,ID008NLV782,4986.982
20161202,ID008NLV808,62671.215
20161202,ID008NLV8Q0,0.0
20161202,ID008NN6SH0,85733.61
20161202,ID008NPHPT6,1326.0668
20161202,ID008NPHX00,0.0
20161202,ID008NPJ3D0,0.0
20161202,ID008NPJTW2,0.0
20161202,ID008NPJVW7,0.0
20161202,ID008NPJWD6,0.0
20161202,ID008NPJXQ0,0.0
20161202,ID008NPJYC3,0.0
20161202,ID008NPJZM9,0.0
20161202,ID008NPK035,0.0
20161202,ID008NS9Q71,100299.26
20161202,ID008NTRZM2,108847.484
20161202,ID008NVVMJ5,20050.932
20161202,ID008NWWVK0,29263.41
20161202,ID008P5M7B1,0.0
20161202,ID008P5M7C0,12816.946
20161202,ID008P5M7D9,0.0
20161202,ID008P5M7F7,0.0
20161202,ID008P5M7G6,0.0
20161202,ID008P5M7H5,182724.97
20161202,ID008P5M7J3,63000.992
20161202,ID008P5M7K1,0.0
20161202,ID008P5M7L0,37772.56
20161202,ID008P5M7M9,3683.3208
20161202,ID008P7FB17,0.0
20161202,ID008P7FB80,0.0
20161202,ID008P7FBH0,0.0
20161202,ID008P7FYV4,0.0
20161202,ID008P7FZ23,0.0
20161202,ID008P7FZ96,0.0
20161202,ID008P7FZJ5,0.0
20161202,ID008P7FZR6,0.0
20161202,ID008P7FZZ7,0.0
20161202,ID008P7G065,0.0
20161202,ID008P7G0F5,0.0
20161202,ID008P7G0W6,0.0
20161202,ID008P7G136,0.0
20161202,ID008P7G1D5,0.0
20161202,ID008P7G1N4,0.0
20161202,ID008P7G1W4,0.0
20161202,ID008P7G234,0.0
20161202,ID008P7G2B5,0.0
20161202,ID008P7G2K5,0.0
20161202,ID008P7G2S7,0.0
20161202,ID008P7G314,0.0
20161202,ID008P7G387,0.0
20161202,ID008P7G3J5,0.0
20161202,ID008P7G3S5,0.0
20161202,ID008P7G403,0.0
20161202,ID008P7G476,0.0
20161202,ID008QK4086,265223.1
20161202,ID008QPJV45,0.0
20161202,ID008QPK112,0.0
20161202,ID008QPK773,0.0
20161202,ID008QPKCJ9,0.0
20161202,ID008QPKHD4,0.0
20161202,ID008QPKKV7,0.0
20161202,ID008QPSWH9,1815.223
20161202,ID008QSQ227,19313.85
20161202,ID008QY25C2,5184.48
20161202,ID008QYQZT2,0.0
20161202,ID008QZ4J55,0.0
20161202,ID008R1FCW2,0.0
20161202,ID008R1NF47,0.0
20161202,ID008R5T9Y3,40.45294
20161202,ID008RB5VC1,74443.06
20161202,ID008RCQ4K7,25270.201
20161202,ID008RHBPZ9,0.0
20161202,ID008TPN161,83880.125
20161202,ID008TT3Q79,0.0
20161202,ID008TT99L5,0.0
20161202,ID008TTDM59,0.0
20161202,ID008TTG642,0.0
20161202,ID008TZ55D2,1596630.9
20161202,ID008V3DML5,1332.4805
20161202,ID0090594J0,0.0
20161202,ID00908M4M5,0.0
20161202,ID0092WDCY9,400616.1
20161202,ID0092X7GY5,753405.2
20161202,ID0098Z1VL1,50551.91
20161202,ID0099007P7,0.0
20161202,ID00990WJJ3,0.0
20161202,ID0099PWBC2,27115.986
20161202,ID0099PWMH3,96452.81
20161202,ID0099QW3L8,5501422.0
20161202,ID0099R11X1,38514.664
20161202,ID0099S79D8,0.0
20161202,ID0099S7V67,0.0
20161202,ID0099S7WN6,0.0
20161202,ID0099S7ZH6,0.0
20161202,ID0099S82W1,0.0
20161202,ID0099T4PG0,130363.43
20161202,ID0099V76X5,36792.336
20161202,ID0099W04W6,35975.51
20161202,ID0099WKV81,0.0
20161202,ID0099WSPG7,251773.27
20161202,ID0099WV5Z6,0.0
20161202,ID0099WVCC6,0.0
20161202,ID0099X09K6,995997.44
20161202,ID009BC4NZ8,17829.336
20161202,ID009BCLSL3,2511.25
20161202,ID009BJKZK4,7025.5396
20161202,ID009BQ20J7,0.0
20161202,ID009BSW8M9,32448.137
20161202,ID009BT1VZ6,0.0
20161202,ID009BTF7C9,17082.09
20161202,ID009BTKR75,1690681.5
20161202,ID009BVVHR8,391569.72
20161202,ID009BWH7V9,2223358.2
20161202,ID009CB55X9,0.0
20161202,ID009CB8FT9,331505.62
20161202,ID009CC0JC5,1134126.6
20161202,ID009CCZ6S8,0.0
20161202,ID009CG7F55,162625.23
20161202,ID009CH70G4,537432.06
20161202,ID009CHNPJ8,0.0
20161202,ID009CK8ZS6,0.0
20161202,ID009CLQFD4,61681.76
20161202,ID009CM7Z49,0.0
20161202,ID009CM8045,0.0
20161202,ID009CM80T8,0.0
20161202,ID009DCDZ61,41720.766
20161202,ID009DDGL49,0.0
20161202,ID009DDJJ05,0.0
20161202,ID009DDJVW3,0.0
20161202,ID009DL4WY7,0.0
20161202,ID009DL4XZ4,0.0
20161202,ID009DQC816,14670.205
20161202,ID009DQLNK2,0.0
20161202,ID009DQLXC9,0.0
20161202,ID009DQLZ98,0.0
20161202,ID009DQNKM4,0.0
20161202,ID009DW9FH4,0.0
20161202,ID009DW9P64,0.0
20161202,ID009DWB1W5,0.0
20161202,ID009DX8GR0,0.0
20161202,ID009DZ0FR5,0.0
20161202,ID009DZ1CM6,55667.734
20161202,ID009F0QSG6,4487.853
20161202,ID009F0V2R5,0.0
20161202,ID009F3H981,0.0
20161202,ID009F3XQR4,0.0
20161202,ID009F3XRW6,121482.945
20161202,ID009F4D9S1,0.0
20161202,ID009F4HHS9,0.0
20161202,ID009F4HMQ0,52386.64
20161202,ID009F4HRZ9,0.0
20161202,ID009F4HXY7,99150.0
20161202,ID009F4HY75,0.0
20161202,ID009F4W045,0.0
20161202,ID009F6GFL6,22279.133
20161202,ID009H2W6J8,18952.682
20161202,ID009H56Q97,0.0
20161202,ID009H6DTX4,0.0
20161202,ID009H6F8T3,0.0
20161202,ID009HSZSF4,0.0
20161202,ID009HT04L6,0.0
20161202,ID009HT06Z6,0.0
20161202,ID009HT0BZ5,0.0
20161202,ID009HT2XL0,18035548.0
20161202,ID009HT53K4,0.0
20161202,ID009HXSTD1,0.0
20161202,ID009HXSZS1,47066.25
20161202,ID009HXTBW8,705414.06
20161202,ID009HXTGQ4,115771.51
20161202,ID009HXTKV9,49094.5
20161202,ID009HXTPX6,17124.0
20161202,ID009HXTVR0,0.0
20161202,ID009HXV1V8,30198.887
20161202,ID009HXV594,197484.0
20161202,ID009J35K76,0.0
20161202,ID009J36088,0.0
20161202,ID009J361D0,0.0
20161202,ID009J362M8,0.0
20161202,ID009J363S0,0.0
20161202,ID009J36765,0.0
20161202,ID009J36GH3,0.0
20161202,ID009J36QM5,0.0
20161202,ID009J3L5R9,0.0
20161202,ID009J3X952,0.0
20161202,ID009J6SMT6,234918.42
20161202,ID009JCWLY4,28726.56
20161202,ID009JCWN16,0.0
20161202,ID009JCWNJ7,0.0
20161202,ID009JGJRT3,38086.586
20161202,ID009JH5DX2,0.0
20161202,ID009JHXN78,123.519
20161202,ID009K40BW9,153330.95
20161202,ID009K5LS65,0.0
20161202,ID009K5MPN1,0.0
20161202,ID009K6YBZ4,0.0
20161202,ID009K6Z5L1,113708.55
20161202,ID009K6ZL45,8410.721
20161202,ID009K6ZR97,7006.5073
20161202,ID009K6ZXC0,0.0
20161202,ID009K700R2,0.0
20161202,ID009K70ZN9,0.0
20161202,ID009K86192,176625.5
20161202,ID009KCKZK9,0.0
20161202,ID009KJ3K71,0.0
20161202,ID009KJ3M04,0.0
20161202,ID009L0Q935,0.0
20161202,ID009L0QGW7,4516.436
20161202,ID009L57QC7,513.513
20161202,ID009L5F053,0.0
20161202,ID009L5KQQ7,211.26733
20161202,ID009LB1F98,0.0
20161202,ID009LR05Q7,50454.676
20161202,ID009LSXJ34,473801.66
20161202,ID009LT07M3,202318.22
20161202,ID009LT0V59,9834.053
20161202,ID009LT1L41,4272.447
20161202,ID009LT4TD1,0.0
20161202,ID009LT7CV5,0.0
20161202,ID009NG3LC6,0.0
20161202,ID009NLTTB1,0.0
20161202,ID009NP51P4,0.0
20161202,ID009NP5C43,0.0
20161202,ID009NP5JR3,0.0
20161202,ID009NVYS34,0.0
20161202,ID009NW4900,0.0
20161202,ID009NW4919,0.0
20161202,ID009NW4928,0.0
20161202,ID009NW4937,0.0
20161202,ID009NWWW71,0.0
20161202,ID009NWY1G7,0.0
20161202,ID009NWY890,0.0
20161202,ID009NXDB85,0.0
20161202,ID009NXGY55,219732.02
20161202,ID009PN6CG2,0.0
20161202,ID009PN9G43,0.0
20161202,ID009PNRW39,0.0
20161202,ID009PWMZQ2,1082.178
20161202,ID009PYN9L0,0.0
20161202,ID009PYX3P8,0.0
20161202,ID009Q0HV86,2753.1445
20161202,ID009Q1RMJ1,0.0
20161202,ID009QY9V90,276829.8
20161202,ID009QYGP40,1123946.2
20161202,ID009QYGWN4,95513.83
20161202,ID009QYHSP0,0.0
20161202,ID009QYJ1Q6,0.0
20161202,ID009R0Y011,29140074.0
20161202,ID009R3Q853,1756297.1
20161202,ID009R578Y7,0.0
20161202,ID009RRW4W2,0.0
20161202,ID009S0W9R5,31471.93
20161202,ID009S0XQY8,28138.145
20161202,ID009S110C2,38809.742
20161202,ID009S2ZKB0,0.0
20161202,ID009S30XF4,0.0
20161202,ID009S31NX5,0.0
20161202,ID009S66Q66,0.0
20161202,ID009S678G4,0.0
20161202,ID009S67C48,0.0
20161202,ID009S6Z7D8,0.0
20161202,ID009STDJK8,0.0
20161202,ID009SX4M95,0.0
20161202,ID009SX74P4,1020313.7
20161202,ID009SX81F0,903972.0
20161202,ID009SX8H01,368956.2
20161202,ID009SXB4T5,25827.33
20161202,ID009SXW7R7,181.35016
20161202,ID009SXWKD3,538.2352
20161202,ID009SXWPB4,86.57538
20161202,ID009SXWR02,3379.573
20161202,ID009T2NWS8,0.0
20161202,ID009T2P1H6,0.0
20161202,ID009T2P7T0,0.0
20161202,ID009T5PLG6,17426492.0
20161202,ID009T9GD67,0.0
20161202,ID009TCDKR4,0.0
20161202,ID009TCDPF6,0.0
20161202,ID009TCDWG0,0.0
20161202,ID009TCDWZ9,0.0
20161202,ID009TCFCX3,3216.549
20161202,ID009THNYR2,0.0
20161202,ID009THQMP7,0.0
20161202,ID009W34HV2,0.0
20161202,ID009W39M19,0.0
20161202,ID009W41CR9,0.0
20161202,ID009WMFXD3,0.0
20161202,ID009WMP5C4,0.0
20161202,ID009WMX866,0.0
20161202,ID009WN8B92,56250.94
20161202,ID009WNK1D5,0.0
20161202,ID009WNQC18,0.0
20161202,ID009WNSJ48,0.0
20161202,ID009WQ9695,0.0
20161202,ID009WQF402,0.0
20161202,ID009WQFX35,0.0
20161202,ID009WQHR54,0.0
20161202,ID009WQJ257,0.0
20161202,ID009XGMPK6,24401.541
20161202,ID009XGMQ42,13024.683
20161202,ID009XGMR86,23743.574
20161202,ID009XGMSB0,174.1295
20161202,ID009XGMT82,0.0
20161202,ID009XGMZT5,0.0
20161202,ID009XGN3V2,11715.942
20161202,ID009XGN7Q9,0.0
20161202,ID009XQLCW1,0.0
20161202,ID009Y3DRW7,2231.64
20161202,ID009YNPM24,34.7126
20161202,ID009YNRL33,36749.598
20161202,ID009YTHN28,97795.03
20161202,ID009YTYWV7,27041442.0
20161202,ID009YVF409,640.41406
20161202,ID009YVF7L9,0.0
20161202,ID009YVF8Z2,530221.7
20161202,ID009YVFQN5,98139.21
20161202,ID009YVFRR9,5597.835
20161202,ID009YYHGR5,0.0
20161202,ID009YYHK14,0.0
20161202,ID009YYHKF9,38768.02
20161202,ID009YYHL58,0.0
20161202,ID009YYHLN8,0.0
20161202,ID009YYHLW8,0.0
20161202,ID009YYHM47,0.0
20161202,ID009YYHM83,0.0
20161202,ID009YZJD88,0.0
20161202,ID009YZK4S4,0.0
20161202,ID009YZKNR3,0.0
20161202,ID009YZLV30,0.0
20161202,ID009YZM448,0.0
20161202,ID009YZM527,0.0
20161202,ID009YZMBH8,0.0
20161202,ID009YZMP50,0.0
20161202,ID009YZMSX3,0.0
20161202,ID009YZMV93,0.0
20161202,ID009YZMWB8,0.0
20161202,ID009YZMYS6,0.0
20161202,ID009YZN090,0.0
20161202,ID009YZN6J6,0.0
20161202,ID009YZNH84,0.0
20161202,ID009YZNTV2,5959.8003
20161202,ID009YZP7S2,0.0
20161202,ID009YZP9J8,0.0
20161202,ID009YZPCY4,0.0
20161202,ID009YZPGQ4,18835.604
20161202,ID009YZPRC5,0.0
20161202,ID009YZQ9Z9,0.0
20161202,ID009YZQPH3,0.0
20161202,ID009Z0KS89,0.0
20161202,ID009Z0NC54,3030.5056
20161202,ID009Z0T6G9,0.0
20161202,ID009Z0YRF8,3296.2957
20161202,ID009Z100C5,7244.435
20161202,ID009Z97YC7,0.0
20161202,ID009Z9B4P4,3319.2722
20161202,ID009Z9D926,2081.2
20161202,ID009ZB2LB6,1972.7676
20161202,ID009ZBBL80,7118.3003
20161202,ID009ZBGS26,25308.633
20161202,ID00B02FGY1,0.0
20161202,ID00B092LP9,25251.672
20161202,ID00B0B0NF3,974513.6
20161202,ID00B0DSW50,81911.47
20161202,ID00B0GWTB8,137130.58
20161202,ID00B0QVR58,5894.948
20161202,ID00B0TKM37,19196174.0
20161202,ID00B0WP0V2,81.289
20161202,ID00B2GTVV3,165715.48
20161202,ID00B2RL189,6941.11
20161202,ID00B2RLGB2,11011.382
20161202,ID00B2RM874,0.0
20161202,ID00B2S2D64,3961.7747
20161202,ID00B2S4HQ1,0.0
20161202,ID00B2SX521,0.0
20161202,ID00B2VP1H6,5436.8457
20161202,ID00B2XMVD3,0.0
20161202,ID00B2XXQ33,0.0
20161202,ID00B2Y1PJ1,0.0
20161202,ID00B2Y2KX5,1129.3707
20161202,ID00B2ZG588,0.0
20161202,ID00B3HGTJ3,1339728.1
20161202,ID00B3KMZ87,48483.234
20161202,ID00B3LSG09,0.0
20161202,ID00B3PKW94,136768.22
20161202,ID00B3Q3DK0,9852.5
20161202,ID00B3QPXK2,195.894
20161202,ID00B3TLQ07,8178.3
20161202,ID00B3TSVC6,1585048.6
20161202,ID00B3TWXZ2,0.0
20161202,ID00B3TXS91,0.0
20161202,ID00B3Y06Z5,1274081.0
20161202,ID00B3Y0LM6,331471.38
20161202,ID00B4331T7,0.0
20161202,ID00B4335W4,0.0
20161202,ID00B4337C2,0.0
20161202,ID00B433BH8,304525.0
20161202,ID00B433HX7,0.0
20161202,ID00B45YNS1,20301.965
20161202,ID00B4WCBW7,0.0
20161202,ID00B4YBYX3,718.0617
20161202,ID00B4YYS61,330125.4
20161202,ID00B4YZB94,4955.0366
20161202,ID00B5334H3,323697.28
20161202,ID00B57G7C8,33727.508
20161202,ID00B59D1K1,0.0
20161202,ID00B59D5N9,0.0
20161202,ID00B59D9S6,5365.1963
20161202,ID00B59DJZ6,0.0
20161202,ID00B59DP64,307618.2
20161202,ID00B59DTR3,693556.6
20161202,ID00B59DZT7,507343.47
20161202,ID00B5C2SK7,9384302.0
20161202,ID00B5C7577,0.0
20161202,ID00B5CY3R0,0.0
20161202,ID00B5CYM61,0.0
20161202,ID00B5CZ3F2,0.0
20161202,ID00B5DLYK1,0.0
20161202,ID00B5DM202,0.0
20161202,ID00B5Y6810,0.0
20161202,ID00B629CR9,0.0
20161202,ID00B62TH23,0.0
20161202,ID00B62WC48,67603.15
20161202,ID00B636WK3,0.0
20161202,ID00B63KPC1,4190.8677
20161202,ID00B68LTS4,34812.41
20161202,ID00B68SJW4,0.0
20161202,ID00B6BC377,0.0
20161202,ID00B6K47K2,0.0
20161202,ID00B6K63L8,0.0
20161202,ID00B6K9N04,0.0
20161202,ID00B6K9Y28,0.0
20161202,ID00B6KB0W6,0.0
20161202,ID00B6KB2N2,0.0
20161202,ID00B6KB5S0,0.0
20161202,ID00B6KB7Q8,0.0
20161202,ID00B6KBBP0,0.0
20161202,ID00B6KBF35,0.0
20161202,ID00B6KBRN7,0.0
20161202,ID00B6KBTG1,0.0
20161202,ID00B6KBV58,0.0
20161202,ID00B6KBW92,0.0
20161202,ID00B6KBXN4,1795.355
20161202,ID00B6KBZJ4,0.0
20161202,ID00B6KC0K8,0.0
20161202,ID00B6KC2H8,0.0
20161202,ID00B6KC8Y6,0.0
20161202,ID00B6RY6G1,0.0
20161202,ID00B6RZNB8,5140.47
20161202,ID00B6V6FQ2,37995.75
20161202,ID00B6VCJL2,0.0
20161202,ID00B6VCND2,0.0
20161202,ID00B6VCPR2,0.0
20161202,ID00B6VCPW6,0.0
20161202,ID00B8DCPY2,0.0
20161202,ID00B8G9DF7,0.0
20161202,ID00B8NQ1B3,23.980095
20161202,ID00B8NX8T1,0.0
20161202,ID00B8T1902,0.0
20161202,ID00B8TF4N3,0.0
20161202,ID00B9BYWX7,5531.634
20161202,ID00B9H51V6,13209.471
20161202,ID00B9MH4H2,332102.78
20161202,ID00B9MLH42,105623.18
20161202,ID00B9MM734,41378.066
20161202,ID00B9MMXC7,22377.334
20161202,ID00B9MN298,106878.9
20161202,ID00B9MN528,51392.355
20161202,ID00B9MN9S2,207607.72
20161202,ID00B9MNCZ7,233153.5
20161202,ID00B9MNJH2,17480.408
20161202,ID00B9MNXS9,16846.053
20161202,ID00B9MPK69,63201.0
20161202,ID00B9MPKJ5,129.6532
20161202,ID00B9MPLW8,92406.09
20161202,ID00B9MPQK0,210664.05
20161202,ID00B9MQ3Q4,75024.55
20161202,ID00B9MQ5Q9,44989.17
20161202,ID00B9MQ7D9,296669.8
20161202,ID00B9MQ9T8,661306.8
20161202,ID00B9MQDR1,1158900.1
20161202,ID00B9P3667,0.0
20161202,ID00B9P85S0,1180.8066
20161202,ID00B9PJQZ4,326192.78
20161202,ID00B9Q6Q13,0.0
20161202,ID00B9SKP24,0.0
20161202,ID00B9SKW38,0.0
20161202,ID00B9SKZH6,179067.73
20161202,ID00B9SL0Y3,36126.0
20161202,ID00B9SL5S9,0.0
20161202,ID00B9SL7M1,0.0
20161202,ID00B9SL8H5,0.0
20161202,ID00B9SL9D7,0.0
20161202,ID00B9SLBQ8,134748.0
20161202,ID00B9SLMD8,0.0
20161202,ID00B9SWL48,0.0
20161202,ID00B9SX365,1255.1399
20161202,ID00B9SZ1Q5,10828.0
20161202,ID00B9SZ6Q4,0.0
20161202,ID00B9SZP00,3999.0002
20161202,ID00B9SZV43,39695.883
20161202,ID00B9SZWS5,26131.5
20161202,ID00B9SZYC8,19862.0
20161202,ID00B9T01Z1,0.0
20161202,ID00B9T03C2,0.0
20161202,ID00B9T05Q2,0.0
20161202,ID00B9T0920,39908.4
20161202,ID00B9T0FX2,5958.2847
20161202,ID00B9T0HJ4,0.0
20161202,ID00B9T0P24,0.0
20161202,ID00B9T1484,21308.0
20161202,ID00B9T2BC2,752472.94
20161202,ID00B9T2G59,745822.7
20161202,ID00B9T2Q93,0.0
20161202,ID00B9T2TH8,0.0
20161202,ID00B9V2MJ6,128971.69
20161202,ID00BBSNMG0,0.0
20161202,ID00BBSPS75,0.0
20161202,ID00BBSQJQ3,0.0
20161202,ID00BBSQTN4,0.0
20161202,ID00BBSR7M2,0.0
20161202,ID00BBSRHV0,0.0
20161202,ID00BBST7P7,0.0
20161202,ID00BBSVSG8,0.0
20161202,ID00BBSW0W0,0.0
20161202,ID00BBT0VQ2,0.0
20161202,ID00BBT1JW1,0.0
20161202,ID00BBT4DH8,0.0
20161202,ID00BBT81V4,0.0
20161202,ID00BBTGRF6,0.0
20161202,ID00BBTGVD9,0.0
20161202,ID00BBTGW38,0.0
20161202,ID00BBTJD00,0.0
20161202,ID00BBTJY13,0.0
20161202,ID00BBTK8J9,0.0
20161202,ID00BBTLG82,0.0
20161202,ID00BBTLJM0,0.0
20161202,ID00BBTLLZ1,0.0
20161202,ID00BBTM0T3,0.0
20161202,ID00BBTM1K0,0.0
20161202,ID00BBTM3D4,0.0
20161202,ID00BBTMZX1,0.0
20161202,ID00BBTZ527,0.0
20161202,ID00BBTZ554,0.0
20161202,ID00BBTZ572,0.0
20161202,ID00BCF3TF5,0.0
20161202,ID00BCM34B9,1444039.0
20161202,ID00BCM5WT6,206997.22
20161202,ID00BCP7BW9,5308.8164
20161202,ID00BCQFL29,30961.387
20161202,ID00BDC16D5,178263.75
20161202,ID00BDKH4B7,0.0
20161202,ID00BDLYK84,0.0
20161202,ID00BDMJWF5,0.0
20161202,ID00BDMKT24,0.0
20161202,ID00BDPSWY7,0.0
20161202,ID00BDPT129,0.0
20161202,ID00BDPV965,30808.498
20161202,ID00BDQV2T3,0.0
20161202,ID00BDQV8G4,0.0
20161202,ID00BDQV9L6,12004.05
20161202,ID00BDQVD00,29090.375
20161202,ID00BDQVDN5,511281.7
20161202,ID00BDQVYL1,0.0
20161202,ID00BDQW515,0.0
20161202,ID00BDQW7C9,117.84498
20161202,ID00BDQW9Y1,8462.332
20161202,ID00BDQWGV8,3718.5886
20161202,ID00BDRKTM1,0.0
20161202,ID00BDV0GM2,12204.642
20161202,ID00BDVDPG5,0.0
20161202,ID00BDVFZJ8,10314.439
20161202,ID00BDVJYM3,0.0
20161202,ID00BDVKPY7,0.0
20161202,ID00BDWYT81,0.0
20161202,ID00BDWYYK6,46602.137
20161202,ID00BDWZ706,0.0
20161202,ID00BDWZF17,0.0
20161202,ID00BDWZGC3,0.0
20161202,ID00BDWZPS6,127461.89
20161202,ID00BDWZVQ5,0.0
20161202,ID00BDX0H19,0.0
20161202,ID00BDZ4L02,0.0
20161202,ID00BDZZ371,0.0
20161202,ID00BDZZ8D3,12017.647
20161202,ID00BDZZ950,0.0
20161202,ID00BDZZJ03,0.0
20161202,ID00BDZZMG9,0.0
20161202,ID00BDZZSQ5,0.0
20161202,ID00BDZZWG7,0.0
20161202,ID00BDZZZX1,0.0
20161202,ID00BF00365,11727.625
20161202,ID00BF006Q6,0.0
20161202,ID00BF00CN6,0.0
20161202,ID00BF00ZZ2,0.0
20161202,ID00BF02XF7,0.0
20161202,ID00BF052C5,0.0
20161202,ID00BF05618,0.0
20161202,ID00BF05958,0.0
20161202,ID00BFJ9329,5878.4893
20161202,ID00BFLPFN6,0.0
20161202,ID00BGKK554,0.0
20161202,ID00BGKL642,1287.297
20161202,ID00BGKPDP0,0.0
20161202,ID00BGKQN59,0.0
20161202,ID00BGKTYQ9,0.0
20161202,ID00BGKV4T9,0.0
20161202,ID00BGKVFX9,0.0
20161202,ID00BGKVKY7,0.0
20161202,ID00BGKVYR5,0.0
20161202,ID00BGKYHR9,0.0
20161202,ID00BGRQ330,0.0
20161202,ID00BGWKY28,0.0
20161202,ID00BGWW644,0.0
20161202,ID00BGWYH93,0.0
20161202,ID00BGX03V4,0.0
20161202,ID00BGX2100,622.15497
20161202,ID00BGX3NK9,13903.112
20161202,ID00BGX4ZF7,19585.084
20161202,ID00BGYC081,0.0
20161202,ID00BGYFMQ0,0.0
20161202,ID00BGYGLF3,0.0
20161202,ID00BH3WHH9,9780.971
20161202,ID00BH3XRS4,0.0
20161202,ID00BH3YWR3,0.0
20161202,ID00BH40RR9,0.0
20161202,ID00BH414W3,0.0
20161202,ID00BH5RRF0,0.0
20161202,ID00BH80QK9,383763.25
20161202,ID00BH81HW5,532.0729
20161202,ID00BH81K21,0.0
20161202,ID00BH81QJ0,0.0
20161202,ID00BH83X03,208376.78
20161202,ID00BKQM1C5,0.0
20161202,ID00BKQMBM2,0.0
20161202,ID00BKQMWT9,130.30345
20161202,ID00BKSZPV3,291.44443
20161202,ID00BKSZVL1,220135.19
20161202,ID00BKYW6B7,0.0
20161202,ID00BKZ0095,0.0
20161202,ID00BKZ26P2,0.0
20161202,ID00BKZ71C2,0.0
20161202,ID00BKZBQT4,0.0
20161202,ID00BKZDV02,0.0
20161202,ID00BKZFCW7,0.0
20161202,ID00BKZFN62,0.0
20161202,ID00BKZFTS5,0.0
20161202,ID00BKZH417,0.0
20161202,ID00BKZJGB7,0.0
20161202,ID00BKZKGS7,0.0
20161202,ID00BL3RT20,94929.64
20161202,ID00BL3S5K1,0.0
20161202,ID00BLVQCB6,0.0
20161202,ID00BLVSVN9,5315.618
20161202,ID00BLVSW48,18670.836
20161202,ID00BLVSWX6,53836.656
20161202,ID00BLYJ8M5,0.0
20161202,ID00BLYLS48,0.0
20161202,ID00BLYTHC5,0.0
20161202,ID00BLYTKH3,0.0
20161202,ID00BLYTWS5,0.0
20161202,ID00BLYTY83,0.0
20161202,ID00BLYV770,0.0
20161202,ID00BLYVC24,0.0
20161202,ID00BLYVMN9,0.0
20161202,ID00BM2KR59,4990030.0
20161202,ID00BM3QMG0,0.0
20161202,ID00BM3QY10,0.0
20161202,ID00BM3R3B6,0.0
20161202,ID00BM3RLH0,0.0
20161202,ID00BM42Q20,11796.084
20161202,ID00BMB1JL0,0.0
20161202,ID00BMB7FW0,163936.36
20161202,ID00BMBJ648,5611.073
20161202,ID00BMBK1M7,0.0
20161202,ID00BMBKSV8,122587.67
20161202,ID00BMBLNK0,1800.32
20161202,ID00BMBLW11,19142.094
20161202,ID00BMBN2D2,0.0
20161202,ID00BMBN554,0.0
20161202,ID00BMBP348,0.0
20161202,ID00BMCPSS5,0.0
20161202,ID00BN36FL0,0.0
20161202,ID00BN9CWY9,0.0
20161202,ID00BNF0XM9,31829.498
20161202,ID00BNG11R1,347889.5
20161202,ID00BNHFN78,0.0
20161202,ID00BNHXTW7,0.0
20161202,ID00BNHY987,0.0
20161202,ID00BNJ2S77,0.0
20161202,ID00BNJ9ST6,0.0
20161202,ID00BNJBSZ6,0.0
20161202,ID00BNWJ598,8604.96
20161202,ID00BP1ZKF6,28351.426
20161202,ID00BP3SVP5,0.0
20161202,ID00BP9CHP0,23827.588
20161202,ID00BP9DG08,107099.75
20161202,ID00BP9DP53,0.0
20161202,ID00BP9DVG8,0.0
20161202,ID00BP9F1W4,0.0
20161202,ID00BP9F8H6,52247.7
20161202,ID00BP9FFN3,4040.5657
20161202,ID00BP9FGX0,3472.0662
20161202,ID00BP9FZJ4,0.0
20161202,ID00BP9GJJ9,14320.8
20161202,ID00BP9GNS0,3310.2
20161202,ID00BQYLCH4,0.0
20161202,ID00BQYMVB7,0.0
20161202,ID00BQYMW61,0.0
20161202,ID00BQYP9G8,0.0
20161202,ID00BRDB8S7,0.0
20161202,ID00BRDDG52,0.0
20161202,ID00BS67B90,0.0
20161202,ID00BS82932,0.0
20161202,ID00BS9K4K2,28267430.0
20161202,ID00BSCS8N5,0.0
20161202,ID00BSCTP83,0.0
20161202,ID00BSDXZP5,464.47577
20161202,ID00BT3MK44,0.0
20161202,ID00BTH1X02,0.0
20161202,ID00BTH2N76,0.0
20161202,ID00BTH50B8,0.0
20161202,ID00BV2XBX9,0.0
20161202,ID00BV2XQC9,0.0
20161202,ID00BV2XYY8,0.0
20161202,ID00BV2Y0L5,0.0
20161202,ID00BV2Y2S4,0.0
20161202,ID00BV2Y3S2,0.0
20161202,ID00BV2Y7D9,0.0
20161202,ID00BV2Y7Y6,0.0
20161202,ID00BV2YF78,0.0
20161202,ID00BV2Z123,0.0
20161202,ID00BV2Z8L7,0.0
20161202,ID00BV2ZC38,0.0
20161202,ID00BV2ZFY7,0.0
20161202,ID00BV2ZJ15,0.0
20161202,ID00BV2ZL56,0.0
20161202,ID00BV30L98,0.0
20161202,ID00BV30M14,0.0
20161202,ID00BV30MN0,0.0
20161202,ID00BV30P17,0.0
20161202,ID00BV30Z06,0.0
20161202,ID00BV31280,9835.779
20161202,ID00BV314P7,0.0
20161202,ID00BV31BR9,0.0
20161202,ID00BV32GL3,0.0
20161202,ID00BV32HL1,0.0
20161202,ID00BV32S19,0.0
20161202,ID00BV32W56,0.0
20161202,ID00BV33D57,0.0
20161202,ID00BV33NB8,0.0
20161202,ID00BV33QY6,0.0
20161202,ID00BV33ST8,0.0
20161202,ID00BV33W46,0.0
20161202,ID00BV33X99,0.0
20161202,ID00BV348L9,0.0
20161202,ID00BV35WF2,0.0
20161202,ID00BV36123,0.0
20161202,ID00BV36828,0.0
20161202,ID00BV36BJ3,0.0
20161202,ID00BV36NT6,0.0
20161202,ID00BV36Q28,352.5445
20161202,ID00BV36TK2,0.0
20161202,ID00BV36VP2,0.0
20161202,ID00BV379V3,0.0
20161202,ID00BV37GV7,0.0
20161202,ID00BV37L55,0.0
20161202,ID00BV37S78,0.0
20161202,ID00BV38X76,0.0
20161202,ID00BV390F8,0.0
20161202,ID00BV3DBP8,34290.93
20161202,ID00BV3FL10,0.0
20161202,ID00BV3H5J4,0.0
20161202,ID00BV3LKG9,0.0
20161202,ID00BV5GCX9,515.3551
20161202,ID00BV5HFW2,0.0
20161202,ID00BV8JH41,2052.75
20161202,ID00BV8KC59,0.0
20161202,ID00BVB81N0,0.0
20161202,ID00BVJDWS4,314.86002
20161202,ID00BVKP3V8,0.0
20161202,ID00BVKV065,0.0
20161202,ID00BVL0888,2764.87
20161202,ID00BVL3D48,40363.215
20161202,ID00BVLQ1Z5,634.7067
20161202,ID00BVLQX94,0.0
20161202,ID00BVLRF83,7.3259997
20161202,ID00BVSPZP7,0.0
20161202,ID00BVSSBX8,15016.297
20161202,ID00BVSTQF4,0.0
20161202,ID00BVSVPD5,0.0
20161202,ID00BW4FP09,626626.06
20161202,ID00BWCTGF0,466009.38
20161202,ID00BWQN284,32507.852
20161202,ID00BYCYGM4,0.0
20161202,ID00BYG5S32,0.0
20161202,ID00BYG9N48,19951.293
20161202,ID00BYGZVZ7,0.0
20161202,ID00BYK17R7,27129.275
20161202,ID00BYYY1T2,0.0
20161202,ID00BYZ00H1,0.0
20161202,ID00BZSNLY6,0.0
20161202,ID00BZSP3Y4,0.0
20161202,ID00BZSP5T5,0.0
20161202,ID00BZSPBX7,0.0
20161202,ID00BZSQS41,0.0
20161202,ID00BZSQY57,0.0
20161202,ID00BZSR390,0.0
20161202,ID00BZSR7G3,0.0
20161202,ID00BZST3X1,0.0
20161202,ID00BZSTMX9,0.0
20161202,ID00BZSVB24,0.0
20161202,ID00BZSVJ27,0.0
20161202,ID00BZSVS36,0.0
20161202,ID00BZSVV02,0.0
20161202,ID00BZSW143,0.0
20161202,ID00BZSW250,0.0
20161202,ID00BZVSWP0,0.0
20161202,ID00BZVYSV5,14728.013
20161202,ID00BZW3PD3,14376.43
20161202,ID00BZW6L76,0.0
20161202,ID00BZW7RH1,0.0
20161202,ID00BZW81N0,0.0
20161202,ID00C022531,0.0
20161202,ID00C025191,0.0
20161202,ID00C0KDPQ0,0.0
20161202,ID00C0PF554,40080.36
20161202,ID00C16D1N6,0.0
20161202,ID00C16KGJ0,0.0
20161202,ID00C17ZH91,73318.81
20161202,ID00C17ZY58,20197.18
20161202,ID00C4DWN22,207.35626
20161202,ID00C4DXNC0,0.0
20161202,ID00C4DXPH0,0.0
20161202,ID00C4DXQC3,0.0
20161202,ID00C4DXR13,0.0
20161202,ID00C4F0RH7,0.0
20161202,ID00C5BLDD7,562924.5
20161202,ID00C5BLSD4,663356.1
20161202,ID00C5XP720,24459.53
20161202,ID00C5XQ5N0,13552.256
20161202,ID00C5Y3WQ1,0.0
20161202,ID00C5Y6YN7,0.0
20161202,ID00C5YCQP5,0.0
20161202,ID00C5YHJ94,0.0
20161202,ID00C5YLMS1,0.0
20161202,ID00C5YNPK0,0.0
20161202,ID00C5YP639,0.0
20161202,ID00C5YPY47,0.0
20161202,ID00C5YQ978,0.0
20161202,ID00C5YT788,0.0
20161202,ID00C5YWC92,0.0
20161202,ID00C5YWKX7,0.0
20161202,ID00C5YWNL4,0.0
20161202,ID00C5YWQ73,0.0
20161202,ID00C5YWSG9,0.0
20161202,ID00C65WQL9,0.0
20161202,ID00C66CRZ2,993.3226
20161202,ID00C67B3J2,155091.1
20161202,ID00C67WZN3,311593.44
20161202,ID00C67X460,0.0
20161202,ID00C67XFJ1,0.0
20161202,ID00C67XGP2,0.0
20161202,ID00C67XJG6,0.0
20161202,ID00C6D5486,609768.75
20161202,ID00C76Q450,75961.45
20161202,ID00C7PS6K4,24.40785
20161202,ID00C7RGG03,0.0
20161202,ID00C7RH445,0.0
20161202,ID00C7RH935,0.0
20161202,ID00C7RHHB8,0.0
20161202,ID00C7RHM09,0.0
20161202,ID00C7RHRV4,0.0
20161202,ID00C7RJ4D3,0.0
20161202,ID00C7RJ8X2,0.0
20161202,ID00C7RJ9H8,0.0
20161202,ID00C7RJFW7,0.0
20161202,ID00C7RLL88,0.0
20161202,ID00C7RLQC2,0.0
20161202,ID00C7RLQN0,0.0
20161202,ID00C7RLRK1,0.0
20161202,ID00C7RLWH4,0.0
20161202,ID00C7SCYK4,7030.355
20161202,ID00C7SFRM4,0.0
20161202,ID00C7VDG61,0.0
20161202,ID00C7VFJ36,0.0
20161202,ID00C7VG5Y1,0.0
20161202,ID00C7VKWP7,4377.662
20161202,ID00C7VLBH1,0.0
20161202,ID00C7VT8Y1,0.0
20161202,ID00C7VWHL1,0.0
20161202,ID00C7VWMB1,0.0
20161202,ID00C7VWQD0,0.0
20161202,ID00C7VWT44,0.0
20161202,ID00C9TP0Q4,0.0
20161202,ID00C9TP3M2,0.0
20161202,ID00C9TP5L8,511.0751
20161202,ID00C9TP6K7,19843.902
20161202,ID00C9TP6W4,2261.524
20161202,ID00C9TPCN1,175.67627
20161202,ID00C9TPF90,0.0
20161202,ID00C9TPGJ7,0.0
20161202,ID00C9TPH78,127466.984
20161202,ID00C9TPJM7,1369.6879
20161202,ID00C9TPKN3,0.0
20161202,ID00C9TPLG9,0.0
20161202,ID00C9TPMM0,17579.918
20161202,ID00C9TPQW0,0.0
20161202,ID00C9TQC50,0.0
20161202,ID00C9TS143,0.0
20161202,ID00C9XXKG3,0.0
20161202,ID00CB2LSB9,0.0
20161202,ID00CB2LWW7,0.0
20161202,ID00CB2M0V7,4696.5674
20161202,ID00CB2MB61,13427.5
20161202,ID00CB2MQQ6,0.0
20161202,ID00CB2MR48,0.0
20161202,ID00CB4DW25,0.0
20161202,ID00CB4DX14,0.0
20161202,ID00CB7XD28,2817.7463
20161202,ID00CB99CX9,0.0
20161202,ID00CB99FD4,0.0
20161202,ID00CB99HK2,26326.072
20161202,ID00CB99MR4,0.0
20161202,ID00CBTLJ66,0.0
20161202,ID00CBTP795,0.0
20161202,ID00CBTP8V8,0.0
20161202,ID00CBTR800,0.0
20161202,ID00CBTRBS3,0.0
20161202,ID00CBTRDL6,0.0
20161202,ID00CBVR1P3,3522108.0
20161202,ID00CCJKD52,16363.386
20161202,ID00CCP0539,0.0
20161202,ID00CCP06M6,0.0
20161202,ID00CCP0959,0.0
20161202,ID00CCP0C61,0.0
20161202,ID00CCP0KZ1,0.0
20161202,ID00CDFF7M9,140683.83
20161202,ID00CDFJT01,0.0
20161202,ID00CDFKTF3,0.0
20161202,ID00CDFKY08,0.0
20161202,ID00CDFLD12,0.0
20161202,ID00CDN9VT9,0.0
20161202,ID00CDNCX84,56163.06
20161202,ID00CDXLGB5,553000.4
20161202,ID00CF13F34,0.0
20161202,ID00CF13HZ5,0.0
20161202,ID00CF13L04,0.0
20161202,ID00CF13RJ1,0.0
20161202,ID00CF4FV76,0.0
20161202,ID00CF4FWH3,110027.67
20161202,ID00CFTQN95,0.0
20161202,ID00CFWYR09,0.0
20161202,ID00CFWZ169,260756.2
20161202,ID00CFXY113,26729.494
20161202,ID00CFXY453,0.0
20161202,ID00CFXYHS9,5683.6704
20161202,ID00CFXYTK1,11211.527
20161202,ID00CFXYWV2,0.0
20161202,ID00CFXYYD8,0.0
20161202,ID00CFXZ1D9,0.0
20161202,ID00CFXZ2W6,0.0
20161202,ID00CFXZ4S7,27991.107
20161202,ID00CFXZ6C9,0.0
20161202,ID00CG6BBF9,0.0
20161202,ID00CG7YSN6,0.0
20161202,ID00CGCHC31,15412.331
20161202,ID00CGKJW55,4541.083
20161202,ID00CGLMN86,0.0
20161202,ID00CGLMQP0,0.0
20161202,ID00CGLNDM1,0.0
20161202,ID00CGLNJ57,0.0
20161202,ID00CGLP207,0.0
20161202,ID00CGLP2H9,0.0
20161202,ID00CGLP341,0.0
20161202,ID00CGLP3J5,0.0
20161202,ID00CGLQ6D3,0.0
20161202,ID00CGR73X6,21753.7
20161202,ID00CGR75Y0,0.0
20161202,ID00CGR7KZ6,69220.805
20161202,ID00CGR7ZW6,15116.256
20161202,ID00CGR8515,0.0
20161202,ID00CGR85T5,0.0
20161202,ID00CGR8668,0.0
20161202,ID00CGR8702,0.0
20161202,ID00CGR87M8,121340.73
20161202,ID00CGR88G3,0.0
20161202,ID00CGR9L55,0.0
20161202,ID00CJZ0YQ2,8755809.0
20161202,ID00CJZ0Z89,0.0
20161202,ID00CJZ1147,0.0
20161202,ID00CJZ11J1,0.0
20161202,ID00CJZ14J5,0.0
20161202,ID00CJZ14W0,0.0
20161202,ID00CJZ1575,0.0
20161202,ID00CJZ15M8,0.0
20161202,ID00CJZ16K8,0.0
20161202,ID00CJZ1771,0.0
20161202,ID00CJZ17V4,0.0
20161202,ID00CJZ18B4,0.0
20161202,ID00CJZ18X0,0.0
20161202,ID00CJZ1BS9,0.0
20161202,ID00CJZ1F64,0.0
20161202,ID00CJZ1L52,225365.11
20161202,ID00CK4J216,127005.03
20161202,ID00CKGSV97,0.0
20161202,ID00CL5JHQ2,6842.813
20161202,ID00CLBJMH8,0.0
20161202,ID00CLFDRY5,225156.84
20161202,ID00CLFH2M9,143970.83
20161202,ID00CLFXKC2,1693.09
20161202,ID00CLG1KH0,3740.6438
20161202,ID00CM52ZC4,4761148.5
20161202,ID00CMMF9G7,0.0
20161202,ID00CMMFCT6,0.0
20161202,ID00CMMFH51,0.0
20161202,ID00CMMFJ66,0.0
20161202,ID00CMMFK90,0.0
20161202,ID00CMMFL52,0.0
20161202,ID00CMMFM41,0.0
20161202,ID00CMMFN30,0.0
20161202,ID00CMMFNT2,0.0
20161202,ID00CMMFPS8,0.0
20161202,ID00CMMFQP9,0.0
20161202,ID00CMMFRT3,0.0
20161202,ID00CMMFZ79,0.0
20161202,ID00CMMG486,0.0
20161202,ID00CMMG9R4,0.0
20161202,ID00CMMGG98,0.0
20161202,ID00CMMGNM8,0.0
20161202,ID00CMMGYN3,0.0
20161202,ID00CMQF0T3,0.0
20161202,ID00CMQHSL8,0.0
20161202,ID00CMSC7G1,0.0
20161202,ID00CMSC7W3,0.0
20161202,ID00CMXMH13,8763.939
20161202,ID00CNLDHK7,0.0
20161202,ID00CNLF059,0.0
20161202,ID00CNLF503,0.0
20161202,ID00CNNDBG1,0.0
20161202,ID00CNNXT89,0.0
20161202,ID00CNPBXX1,0.0
20161202,ID00CNV0080,0.0
20161202,ID00CNV0GR4,118883.0
20161202,ID00CNY78N3,0.0
20161202,ID00CNY7YZ3,621822.44
20161202,ID00CNY8781,0.0
20161202,ID00CNY8987,59892.773
20161202,ID00CP2WK29,0.0
20161202,ID00CP2WMB5,0.0
20161202,ID00CP2WN69,0.0
20161202,ID00CP89XP9,473104.5
20161202,ID00CP8H9R1,12.246079
20161202,ID00CR2TYS3,0.0
20161202,ID00CR2V745,0.0
20161202,ID00CR2VB55,0.0
20161202,ID00CR2VDP9,5137.506
20161202,ID00CRBH4R3,3510.281
20161202,ID00CRBHXZ0,6491.5757
20161202,ID00CRBMCP1,0.0
20161202,ID00CRBQ5Q1,0.0
20161202,ID00CRBRKV1,0.0
20161202,ID00CRBS3L9,0.0
20161202,ID00CRBSKB2,0.0
20161202,ID00CRBT221,15956.71
20161202,ID00CRBTG02,0.0
20161202,ID00CRG59K1,0.0
20161202,ID00CRG6RP5,247.54268
20161202,ID00CRG8K78,6122.051
20161202,ID00CRG8N45,0.0
20161202,ID00CRG8Q11,8521.944
20161202,ID00CRG9142,0.0
20161202,ID00CRG94V6,93719.29
20161202,ID00CRG9810,0.0
20161202,ID00CRGF4K1,0.0
20161202,ID00CRGH4W6,0.0
20161202,ID00CRH8B21,37561.4
20161202,ID00CRHB735,23791.83
20161202,ID00CRHLXD6,0.0
20161202,ID00CRHLZK3,0.0
20161202,ID00CRHMJ55,7995.33
20161202,ID00CRHMJQ2,0.0
20161202,ID00CRHMLN0,8684.2
20161202,ID00CRHMN92,0.0
20161202,ID00CRHMQ68,62259.508
20161202,ID00CRHMRL9,0.0
20161202,ID00CRHMSK8,29224.23
20161202,ID00CRHMV03,5804.5
20161202,ID00CRHMX09,0.0
20161202,ID00CRHMXX3,0.0
20161202,ID00CRHMZH6,0.0
20161202,ID00CRHN144,0.0
20161202,ID00CRHN2D2,0.0
20161202,ID00CRHN313,0.0
20161202,ID00CRHN3V0,0.0
20161202,ID00CRHN6F1,0.0
20161202,ID00CRHN7F9,0.0
20161202,ID00CRHN894,0.0
20161202,ID00CS8J5L0,0.0
20161202,ID00CS8J7N4,0.0
20161202,ID00CS8J8M3,0.0
20161202,ID00CS92L04,81.26206
20161202,ID00CSDNB77,0.0
20161202,ID00CSDQHB6,698302.2
20161202,ID00CSJ0830,0.0
20161202,ID00CSJ3ZP3,3852.6226
20161202,ID00CSJ8NJ2,0.0
20161202,ID00CSJ8PB5,0.0
20161202,ID00CSJ9PC3,0.0
20161202,ID00CSJ9PJ6,0.0
20161202,ID00CSMP9S7,44441.496
20161202,ID00CSMTVT3,0.0
20161202,ID00CSMVHV8,16019.64
20161202,ID00CSMW0J8,33627.71
20161202,ID00CSQ3NC8,0.0
20161202,ID00CSQDHY6,0.0
20161202,ID00CTDCGR5,26.2088
20161202,ID00CTT4ZP9,0.0
20161202,ID00CTV6KZ4,69021.65
20161202,ID00CTX9FZ8,0.0
20161202,ID00CTXBZ09,0.0
20161202,ID00CTXC0R6,38358.34
20161202,ID00CTXDD79,33519.434
20161202,ID00CTZ9L17,3163913.0
20161202,ID00CTZ9Z07,0.0
20161202,ID00CTZFHK8,0.0
20161202,ID00CTZFJ60,0.0
20161202,ID00CV0KF11,5150.805
20161202,ID00CV0RGZ5,24862.674
20161202,ID00CVQTWM5,0.0
20161202,ID00CVQV5K3,0.0
20161202,ID00CVS14L4,157521.64
20161202,ID00CW108G0,0.0
20161202,ID00CW4B6B1,0.0
20161202,ID00CWTMW54,66658.33
20161202,ID00CWWYK50,1387335.9
20161202,ID00CWZ0HF6,1882891.1
20161202,ID00CX3F4X9,0.0
20161202,ID00CX3F539,784662.5
20161202,ID00CX3F5C9,1139.7651
20161202,ID00CX76XQ4,0.0
20161202,ID00CX776F4,0.0
20161202,ID00CX7SG87,0.0
20161202,ID00CX7V765,0.0
20161202,ID00CX7XYH2,0.0
20161202,ID00CX7Z0Z4,0.0
20161202,ID00CX80106,0.0
20161202,ID00CX80MK8,0.0
20161202,ID00CX80SX1,0.0
20161202,ID00CX80ZS1,0.0
20161202,ID00CX81631,0.0
20161202,ID00CX818Z2,0.0
20161202,ID00CX81KS3,0.0
20161202,ID00CX89CT2,1227.0751
20161202,ID00CXBCT96,484.7346
20161202,ID00CXHP742,20845.426
20161202,ID00CXHR5Y1,21320.074
20161202,ID00CXHRG68,0.0
20161202,ID00CXKZJV8,747826.9
20161202,ID00CXL0FZ8,0.0
20161202,ID00CXL1231,0.0
20161202,ID00CXL22N8,0.0
20161202,ID00CZDD4R4,0.0
20161202,ID00CZDD7M2,0.0
20161202,ID00CZHNL41,2556406.0
20161202,ID00CZM2MC2,14268.09
20161202,ID00CZV0M43,123908.664
20161202,ID00D0FS809,3869854.0
20161202,ID00D0M6YL8,221186.6
20161202,ID00D0MRK53,548695.0
20161202,ID00D0NBY94,384342.34
20161202,ID00D0QV838,0.0
20161202,ID00D0R31S5,0.0
20161202,ID00D0RB133,787393.4
20161202,ID00D0RFBY3,80071.336
20161202,ID00D0Y7RT8,0.0
20161202,ID00D0Y8588,0.0
20161202,ID00D0Y8WD3,0.0
20161202,ID00D0Y9H09,0.0
20161202,ID00D0Y9N97,0.0
20161202,ID00D0YFQ93,0.0
20161202,ID00D0YGPY6,0.0
20161202,ID00D1KNDK9,0.0
20161202,ID00D1KNKQ7,0.0
20161202,ID00D1KNYR6,0.0
20161202,ID00D1KRHG1,0.0
20161202,ID00D1KS3D4,0.0
20161202,ID00D1KS8Q9,0.0
20161202,ID00D1KSF74,0.0
20161202,ID00D1KSLG1,0.0
20161202,ID00D1LSLD2,0.0
20161202,ID00D1LT1K7,0.0
20161202,ID00D1LTHD0,0.0
20161202,ID00D1LV017,0.0
20161202,ID00D1LVRX3,0.0
20161202,ID00D1LW640,0.0
20161202,ID00D1LWFH6,0.0
20161202,ID00D1LWRM4,0.0
20161202,ID00D1LWZ00,8575.076
20161202,ID00D1LX765,0.0
20161202,ID00D1LXH36,0.0
20161202,ID00D1LZW77,24418756.0
20161202,ID00D1NCT66,27216.666
20161202,ID00D1V1FM2,0.0
20161202,ID00D1V1S62,0.0
20161202,ID00D1V5KR2,7437.6094
20161202,ID00D1X40W7,226271.1
20161202,ID00D201GD7,0.0
20161202,ID00D2YT1M6,164894.27
20161202,ID00D2YW0R9,0.0
20161202,ID00D2YW5K5,6192.04
20161202,ID00D2Z8C60,0.0
20161202,ID00D31VDW7,60062.215
20161202,ID00D322KW1,0.0
20161202,ID00D322ZD9,0.0
20161202,ID00D324FF9,0.0
20161202,ID00D324ZQ3,0.0
20161202,ID00D326480,0.0
20161202,ID00D3274Z9,0.0
20161202,ID00D329502,0.0
20161202,ID00D32BZT2,0.0
20161202,ID00D32F0G9,0.0
20161202,ID00D32GJ31,0.0
20161202,ID00D32P8X2,117977.06
20161202,ID00D32V605,10203.626
20161202,ID00D32WDL6,0.0
20161202,ID00D32Y684,0.0
20161202,ID00D32YF39,0.0
20161202,ID00D32YQX2,0.0
20161202,ID00D341R53,80997.914
20161202,ID00D34STL2,1685.8507
20161202,ID00D39YHC0,0.0
20161202,ID00D39YJ72,0.0
20161202,ID00D39YKM2,0.0
20161202,ID00D3CKZZ3,1517181.8
20161202,ID00D3HQ6D4,0.0
20161202,ID00D5KNBS1,0.0
20161202,ID00D6PKPB9,107145.46
20161202,ID00D6PKSC2,0.0
20161202,ID00D6PL4B5,0.0
20161202,ID00D6PPTX2,0.0
20161202,ID00D6PPY61,0.0
20161202,ID00D7BC5F8,0.0
20161202,ID00D7BJ2X8,0.0
20161202,ID00D7GNL88,17276.99
20161202,ID00D7HHQ64,0.0
20161202,ID00D845Z65,0.0
20161202,ID00D8NPL80,0.0
20161202,ID00D8XRC77,0.0
20161202,ID00D9M7WF9,224534.38
20161202,ID00D9TBQ44,0.0
20161202,ID00D9TDDT4,0.0
20161202,ID00D9ZNHG4,0.0
20161202,ID00DB0DK27,0.0
20161202,ID00DB5NQZ6,53.83616
20161202,ID00DB644T1,0.0
20161202,ID00DB64KJ6,0.0
20161202,ID00DB64KQ8,0.0
20161202,ID00DB64L22,0.0
20161202,ID00DB65NZ1,0.0
20161202,ID00DB65SY1,2406.69
20161202,ID00DB68L55,967.44037
20161202,ID00DB68RS7,0.0
20161202,ID00DB68XN9,0.0
20161202,ID00DB68XT3,0.0
20161202,ID00DB68Y20,0.0
20161202,ID00DB68Y75,4105.4985
20161202,ID00DB692Y4,13056.61
20161202,ID00DB6FJ25,202125.86
20161202,ID00DB6FL02,0.0
20161202,ID00DB6GKT2,5306.976
20161202,ID00DB6GLP4,0.0
20161202,ID00DB6GMN4,0.0
20161202,ID00DB6GNK5,3220.477
20161202,ID00DB6GPN7,0.0
20161202,ID00DB6NVP4,0.0
20161202,ID00DB6NW27,0.0
20161202,ID00DB6NWC6,0.0
20161202,ID00DBK5GN8,0.0
20161202,ID00DDLDH62,1061.111
20161202,ID00DDLVHD4,0.0
20161202,ID00DDLVN96,0.0
20161202,ID00DDQRML8,0.0
20161202,ID00DF0TV59,0.0
20161202,ID00DF55G11,0.0
20161202,ID00DF55H46,0.0
20161202,ID00DF55HM6,0.0
20161202,ID00DG3NDW8,0.0
20161202,ID00DGG2T66,21021.521
20161202,ID00DGG3GF3,0.0
20161202,ID00DGHLB71,0.0
20161202,ID00DGHM1G2,0.0
20161202,ID00DGMXF05,0.0
20161202,ID00DGRVP04,11545.286
20161202,ID00DGXL2M9,15753.041
20161202,ID00DGXQ7Q9,0.0
20161202,ID00DGXQ9C0,0.0
20161202,ID00DGXRNV7,0.0
20161202,ID00DGYR2D1,0.0
20161202,ID00DGYR2P8,0.0
20161202,ID00DGYR2Y8,0.0
20161202,ID00DGYR376,0.0
20161202,ID00DGYRDW6,0.0
20161202,ID00DGYRF42,0.0
20161202,ID00DGYRJD4,0.0
20161202,ID00DGYRL58,0.0
20161202,ID00DGYRLD9,0.0
20161202,ID00DGYRNG2,0.0
20161202,ID00DGYRSR9,0.0
20161202,ID00DGYRT60,0.0
20161202,ID00DGYRTG9,0.0
20161202,ID00DGYRTP9,0.0
20161202,ID00DGYRVD7,0.0
20161202,ID00DGYRVM7,0.0
20161202,ID00DGYRVV7,0.0
20161202,ID00DGYRYF9,0.0
20161202,ID00DGYRYR6,0.0
20161202,ID00DGYRZ11,0.0
20161202,ID00DGYS133,0.0
20161202,ID00DGYS1C3,0.0
20161202,ID00DGYS1M2,0.0
20161202,ID00DGYS1W1,0.0
20161202,ID00DGYS2K2,0.0
20161202,ID00DGYS2T3,0.0
20161202,ID00DGYS320,0.0
20161202,ID00DGYS3F6,0.0
20161202,ID00DGYS838,0.0
20161202,ID00DGYS8C8,0.0
20161202,ID00DGYSBF8,0.0
20161202,ID00DGYSBQ6,0.0
20161202,ID00DGYSBY7,0.0
20161202,ID00DGYSC66,0.0
20161202,ID00DGYSCJ2,0.0
20161202,ID00DGYSGH5,0.0
20161202,ID00DGYSGR4,0.0
20161202,ID00DGYSH10,0.0
20161202,ID00DGYSH92,0.0
20161202,ID00DGYSHK9,0.0
20161202,ID00DGYSN99,0.0
20161202,ID00DGYSNK6,0.0
20161202,ID00DGYSPP6,0.0
20161202,ID00DGYSTN0,0.0
20161202,ID00DGYSTY8,0.0
20161202,ID00DGYSV55,0.0
20161202,ID00DGYSVF4,0.0
20161202,ID00DGYSVP3,0.0
20161202,ID00DGYSXD2,0.0
20161202,ID00DGYSY22,0.0
20161202,ID00DGYSY95,0.0
20161202,ID00DGYSYJ4,0.0
20161202,ID00DGYSYV0,0.0
20161202,ID00DGYT0X1,0.0
20161202,ID00DGYT150,0.0
20161202,ID00DGYT1D1,0.0
20161202,ID00DGYT249,0.0
20161202,ID00DGYT2D9,0.0
20161202,ID00DGYT2N8,0.0
20161202,ID00DGYT392,0.0
20161202,ID00DGYT3M7,0.0
20161202,ID00DGYT409,0.0
20161202,ID00DGYT8P3,0.0
20161202,ID00DGYTWW2,0.0
20161202,ID00DGYV6F5,0.0
20161202,ID00DHXCCX4,0.0
20161202,ID00DHXCF58,0.0
20161202,ID00DHYTDG1,27507.045
20161202,ID00DJ5C7V6,0.0
20161202,ID00DJ5X6N4,174181.0
20161202,ID00DK52Y19,0.0
20161202,ID00DK9RHG5,6128.352
20161202,ID00DK9T1M1,15470.56
20161202,ID00DK9X5P4,0.0
20161202,ID00DK9X9X7,11988.422
20161202,ID00DKCFX03,1614364.2
20161202,ID00DKCMQL7,213557.56
20161202,ID00DKKS3Q9,0.0
20161202,ID00DL8D773,11314172.0
20161202,ID00DL8FCG0,0.0
20161202,ID00DL92FK0,0.0
20161202,ID00DLM9WY2,0.0
20161202,ID00DLM9YR6,0.0
20161202,ID00DLM9YW0,0.0
20161202,ID00DLM9Z93,0.0
20161202,ID00DLM9ZF6,0.0
20161202,ID00DLM9ZV8,0.0
20161202,ID00DLMB024,0.0
20161202,ID00DLMB060,0.0
20161202,ID00DLMB113,0.0
20161202,ID00DLMB159,0.0
20161202,ID00DLMB1J4,0.0
20161202,ID00DLMB1M0,0.0
20161202,ID00DLMB1S4,0.0
20161202,ID00DLMB1X8,0.0
20161202,ID00DLTRQP0,0.0
20161202,ID00DLTZML4,0.0
20161202,ID00DLTZVZ9,0.0
20161202,ID00DLTZX76,0.0
20161202,ID00DLTZY38,0.0
20161202,ID00DLTZZZ0,0.0
20161202,ID00DLV02D0,0.0
20161202,ID00DLV0561,0.0
20161202,ID00DLV0829,0.0
20161202,ID00DLV1748,0.0
20161202,ID00DLV1H37,0.0
20161202,ID00DLV1JR7,0.0
20161202,ID00DLV1LQ3,0.0
20161202,ID00DM049F6,0.0
20161202,ID00DM04W92,0.0
20161202,ID00DM052C3,18403.424
20161202,ID00DM058V9,0.0
20161202,ID00DM16G20,0.0
20161202,ID00DM176V9,0.0
20161202,ID00DM17K02,0.0
20161202,ID00DM17VY1,0.0
20161202,ID00DP0B590,0.0
20161202,ID00DP0BG05,0.0
20161202,ID00DP0C4X5,0.0
20161202,ID00DP0C660,0.0
20161202,ID00DP0D892,0.0
20161202,ID00DP0DCT1,0.0
20161202,ID00DP0DF50,0.0
20161202,ID00DPC67V1,0.0
20161202,ID00DPC6LF8,0.0
20161202,ID00DPC6MB0,0.0
20161202,ID00DPC6VR3,0.0
20161202,ID00DPC74R2,0.0
20161202,ID00DPDD2C3,0.0
20161202,ID00DQ05LW5,1017.2
20161202,ID00DQ08KF3,0.0
20161202,ID00DQ0CGG6,1784.4728
20161202,ID00DQ0V4Q1,66165.0
20161202,ID00DQ1PT27,126195.836
20161202,ID00DQ4YZ36,188597120.0
20161202,ID00DQ4ZR42,0.0
20161202,ID00DQCG6L2,0.0
20161202,ID00DQCGCR3,0.0
20161202,ID00DQFTQP3,5604.3994
20161202,ID00DQFV4W1,0.0
20161202,ID00DQFVSD9,0.0
20161202,ID00DQFXF45,35301.816
20161202,ID00DQFXXC7,12747.889
20161202,ID00DQFY485,21701.76
20161202,ID00DQFYFR9,4027.0
20161202,ID00DQFYZ40,1746.9126
20161202,ID00DQFZ2F0,0.0
20161202,ID00DQG1318,623.61005
20161202,ID00DQG1PR1,1327.892
20161202,ID00DQG26Y4,0.0
20161202,ID00DQG2CP1,5537.125
20161202,ID00DQG2RS5,3441.6985
20161202,ID00DQG5J37,0.0
20161202,ID00DR67PS5,0.0
20161202,ID00DR783K9,0.0
20161202,ID00DR79729,19796.479
20161202,ID00DR79B66,0.0
20161202,ID00DR79DZ0,0.0
20161202,ID00DRH6VZ1,0.0
20161202,ID00DS8TW29,724594.06
20161202,ID00DS8XK11,0.0
20161202,ID00DSN57B7,7555.5093
20161202,ID00DSS89Q3,0.0
20161202,ID00DSX0K30,28586.867
20161202,ID00DSX0ZP3,208873.55
20161202,ID00DT05M87,0.0
20161202,ID00DT05XP4,0.0
20161202,ID00DT08MR3,0.0
20161202,ID00DT08R92,0.0
20161202,ID00DT08V75,0.0
20161202,ID00DVPQ8G8,4170.961
20161202,ID00DVQLCB7,294638.6
20161202,ID00DVQQVH4,26534.477
20161202,ID00DVW3K80,0.0
20161202,ID00DVW4476,0.0
20161202,ID00DVW4680,12343.755
20161202,ID00DVZ9250,0.0
20161202,ID00DW1X738,0.0
20161202,ID00DWWMXJ8,0.0
20161202,ID00DX0TRZ5,0.0
20161202,ID00DX0TV31,0.0
20161202,ID00DX73JL1,0.0
20161202,ID00DXBQJJ0,0.0
20161202,ID00DXBRXK6,0.0
20161202,ID00DXBS474,0.0
20161202,ID00DXBSXS7,0.0
20161202,ID00DXBTFY8,0.0
20161202,ID00DY2YD85,2758.999
20161202,ID00DY7PGC2,0.0
20161202,ID00DY7QBB3,0.0
20161202,ID00DYPCN59,3473.4888
20161202,ID00DZB29H8,874.4353
20161202,ID00DZB4M23,0.0
20161202,ID00DZDFJT5,0.0
20161202,ID00DZH8ZF3,0.0
20161202,ID00DZMM0V5,0.0
20161202,ID00DZMR380,0.0
20161202,ID00DZMR790,0.0
20161202,ID00DZMXK30,0.0
20161202,ID00DZN05D6,0.0
20161202,ID00DZN19R2,0.0
20161202,ID00DZN1K60,0.0
20161202,ID00DZN1NF4,0.0
20161202,ID00DZN1QG6,0.0
20161202,ID00DZNCDB8,0.0
20161202,ID00DZNCWQ0,0.0
20161202,ID00DZND0H9,0.0
20161202,ID00DZND2F7,0.0
20161202,ID00DZNDQJ0,0.0
20161202,ID00DZQ98G1,0.0
20161202,ID00DZQLTZ0,0.0
20161202,ID00DZW43R2,0.0
20161202,ID00DZWDPK0,0.0
20161202,ID00DZWF0X9,0.0
20161202,ID00DZWF5Y7,0.0
20161202,ID00DZWFC72,0.0
20161202,ID00DZWFD07,0.0
20161202,ID00DZWFFV8,0.0
20161202,ID00DZWFN87,0.0
20161202,ID00DZWFQ62,0.0
20161202,ID00F0DTGQ2,0.0
20161202,ID00F0DVF45,0.0
20161202,ID00F0DVKT7,0.0
20161202,ID00F0DVZ96,0.0
20161202,ID00F0DW5Q2,0.0
20161202,ID00F0JW0H0,0.0
20161202,ID00F0JWT50,0.0
20161202,ID00F0VZKL1,0.0
20161202,ID00F0W1D69,0.0
20161202,ID00F0W5CF7,0.0
20161202,ID00F0Z9CR3,0.0
20161202,ID00F2XZQ69,0.0
20161202,ID00F2XZYM4,0.0
20161202,ID00F33RM08,0.0
20161202,ID00F33VB89,0.0
20161202,ID00F33W769,0.0
20161202,ID00F33X2W0,0.0
20161202,ID00F33XVZ3,0.0
20161202,ID00F33Y240,0.0
20161202,ID00F340D50,0.0
20161202,ID00F340DM1,0.0
20161202,ID00F340VC2,0.0
20161202,ID00F340WZ5,0.0
20161202,ID00F340XY4,0.0
20161202,ID00F340YZ1,0.0
20161202,ID00F342CW0,0.0
20161202,ID00F342PD2,0.0
20161202,ID00F342R20,0.0
20161202,ID00F342SL7,0.0
20161202,ID00F342TQ0,0.0
20161202,ID00F342XM5,0.0
20161202,ID00F343F98,0.0
20161202,ID00F343S81,0.0
20161202,ID00F343XZ0,0.0
20161202,ID00F344349,0.0
20161202,ID00F344JF2,0.0
20161202,ID00F347D17,0.0
20161202,ID00F348960,0.0
20161202,ID00F35PP17,0.0
20161202,ID00F35VS78,0.0
20161202,ID00F35X8P0,0.0
20161202,ID00F35ZFD5,0.0
20161202,ID00F3613Y4,0.0
20161202,ID00F369D47,0.0
20161202,ID00F369Z48,0.0
20161202,ID00F36BBP5,0.0
20161202,ID00F36BD71,0.0
20161202,ID00F36BS05,0.0
20161202,ID00F379WS7,0.0
20161202,ID00F37BCL5,0.0
20161202,ID00F3YH0W4,0.0
20161202,ID00F40DKQ4,0.0
20161202,ID00F40FGX3,0.0
20161202,ID00F464398,0.0
20161202,ID00F5CSBJ9,0.0
20161202,ID00F5NQ4Y6,0.0
20161202,ID00F6QB0X3,0.0
20161202,ID00F7R8B15,0.0
20161202,ID00F7SQ623,0.0
20161202,ID00F838V31,0.0
20161202,ID00F8Y5J97,0.0
20161202,ID00F8Y7V07,0.0
20161202,ID00F8YP256,0.0
20161202,ID00F91K831,0.0
20161202,ID00F91KMB1,0.0
20161202,ID00F952B35,0.0
20161202,ID00F952M31,0.0
20161202,ID00F952RF7,0.0
20161202,ID00F9XL7K3,0.0
20161202,ID00F9XLCR5,0.0
20161202,ID00F9XLF16,0.0
20161202,ID00FB2K550,0.0
20161202,ID00FB2P5J0,0.0
20161202,ID00FB2P7R7,0.0
20161202,ID00FB2P9X6,0.0
20161202,ID00FB98YJ1,0.0
20161202,ID00FBB70S1,0.0
20161202,ID00FBB73F9,0.0
20161202,ID00FBB74W8,0.0
20161202,ID00FBB75T9,0.0
20161202,ID00FBB7CY8,0.0
20161202,ID00FBB8BN1,0.0
20161202,ID00FBBB550,0.0
20161202,ID00FBBSMB8,0.0
20161202,ID00FBD5802,0.0
20161202,ID00FBHGYZ6,0.0
20161202,ID00FD4CBB3,0.0
20161202,ID00FD7XFQ8,0.0
20161202,ID00FDDC438,0.0
20161202,ID00FDG1166,0.0
20161202,ID00FDG1P09,0.0
20161202,ID00FDG1Q61,0.0
20161202,ID00FDG1RR6,0.0
20161202,ID00FDG1SQ5,0.0
20161202,ID00FDG1TJ1,0.0
20161202,ID00FDG1VW1,0.0
20161202,ID00FDG1ZY0,0.0
20161202,ID00FDG2281,0.0
20161202,ID00FDG23X1,0.0
20161202,ID00FDG25G5,0.0
20161202,ID00FF4MSY8,0.0
20161202,ID00FF4MV26,0.0
20161202,ID00FF539T4,0.0
20161202,ID00FF73TD3,0.0
20161202,ID00FFD2641,0.0
20161202,ID00FFD73R8,0.0
20161202,ID00FFFY7V9,0.0
20161202,ID00FFFYFC2,0.0
20161202,ID00FFFYG76,0.0
20161202,ID00FFFYGS3,0.0
20161202,ID00FFJZQ11,0.0
20161202,ID00FFNK3M6,0.0
